Date,Open,High,Low,Close,Adj Close,Volume
2014-10-13,122.500000,124.800003,122.500000,123.000000,113.151062,95415
2014-10-14,122.699997,124.400002,121.500000,123.800003,113.887009,184851
2014-10-15,123.599998,124.699997,120.199997,120.500000,110.851242,169414
2014-10-16,120.699997,124.300003,119.199997,124.300003,114.346977,344515
2014-10-17,124.300003,127.400002,123.900002,127.000000,116.830772,202248
2014-10-20,127.099998,129.399994,126.099998,127.800003,117.566727,138156
2014-10-21,129.399994,130.399994,126.599998,128.300003,118.026688,202257
2014-10-22,128.699997,130.800003,128.300003,130.699997,120.234497,142843
2014-10-23,130.600006,132.600006,129.199997,132.600006,121.982376,95590
2014-10-24,132.300003,132.399994,130.300003,131.500000,120.970451,99473
2014-10-27,132.800003,132.800003,130.699997,131.500000,120.970451,57837
2014-10-28,131.800003,133.199997,131.399994,132.399994,121.798386,139693
2014-10-29,132.899994,133.600006,132.300003,133.000000,122.350327,121628
2014-10-30,133.100006,133.699997,132.000000,133.500000,122.810303,113280
2014-10-31,134.399994,135.199997,133.100006,134.399994,123.638229,133260
2014-11-03,134.500000,134.899994,133.500000,133.899994,123.178253,77214
2014-11-04,134.000000,134.199997,133.300003,133.899994,123.178253,129901
2014-11-05,134.399994,135.199997,133.899994,134.600006,123.822227,77619
2014-11-06,134.100006,136.899994,134.100006,136.899994,125.938042,126079
2014-11-07,137.000000,137.399994,134.600006,135.800003,124.926147,154828
2014-11-10,135.800003,136.800003,135.699997,136.800003,125.846069,58190
2014-11-11,136.600006,136.699997,135.500000,136.600006,125.662071,120798
2014-11-12,136.500000,137.100006,135.500000,135.899994,125.018120,109579
2014-11-13,136.100006,137.399994,136.000000,137.199997,126.214027,57010
2014-11-14,137.500000,137.800003,136.500000,137.300003,126.306015,77612
2014-11-17,136.500000,137.000000,135.800003,136.100006,125.202118,77832
2014-11-18,136.399994,137.300003,136.100006,136.399994,125.478081,46063
2014-11-19,136.300003,137.300003,136.000000,136.800003,125.846069,63915
2014-11-20,136.800003,137.399994,136.199997,136.500000,125.570084,92833
2014-11-21,136.500000,137.399994,135.800003,137.300003,126.306015,186312
2014-11-24,137.100006,138.800003,136.899994,138.199997,127.133949,70003
2014-11-25,137.800003,138.000000,136.399994,137.899994,126.857994,191370
2014-11-26,137.800003,138.699997,136.699997,137.000000,126.030045,87061
2014-11-27,137.399994,138.500000,136.600006,138.399994,127.317940,71766
2014-11-28,138.300003,138.300003,136.399994,137.800003,126.765991,103996
2014-12-01,137.000000,138.699997,136.699997,138.100006,127.041977,88106
2014-12-02,138.399994,139.600006,138.000000,139.600006,128.421875,95634
2014-12-03,138.500000,140.899994,138.500000,140.899994,129.617752,113568
2014-12-04,140.300003,141.300003,140.000000,140.000000,128.789841,66715
2014-12-05,140.100006,141.399994,139.800003,141.199997,129.893738,77665
2014-12-08,140.000000,141.500000,139.800003,141.100006,129.801758,91393
2014-12-09,140.300003,140.500000,139.500000,140.000000,128.789841,107419
2014-12-10,140.000000,140.899994,139.600006,140.000000,128.789841,100384
2014-12-11,139.699997,140.000000,138.399994,139.399994,128.237869,90178
2014-12-12,138.899994,138.899994,137.199997,137.500000,126.490021,124494
2014-12-15,137.899994,139.100006,136.500000,136.800003,125.846069,102467
2014-12-16,136.699997,138.000000,135.100006,138.000000,126.949974,125219
2014-12-17,137.500000,139.100006,137.199997,138.500000,127.409935,129396
2014-12-18,139.600006,141.000000,138.300003,140.800003,129.525757,169249
2014-12-19,141.500000,144.600006,141.100006,144.600006,133.021500,208505
2014-12-22,144.899994,145.000000,143.600006,144.800003,133.205490,84050
2014-12-23,144.899994,145.800003,144.600006,145.500000,133.849426,59725
2014-12-29,145.100006,146.100006,144.699997,145.699997,134.033417,102025
2014-12-30,145.500000,145.500000,143.399994,144.000000,132.469543,57584
2015-01-05,144.000000,145.100006,143.100006,143.500000,132.009583,153515
2015-01-06,143.399994,144.300003,142.199997,143.500000,132.009583,122465
2015-01-07,143.500000,143.899994,142.600006,142.699997,131.273636,90117
2015-01-08,143.500000,145.500000,143.199997,145.399994,133.757446,68420
2015-01-09,145.300003,147.699997,144.899994,146.800003,135.045349,122737
2015-01-12,147.699997,147.800003,145.100006,145.899994,134.217392,140639
2015-01-13,145.600006,146.600006,145.199997,146.100006,134.401398,139696
2015-01-14,145.000000,146.300003,142.899994,144.699997,133.113480,126091
2015-01-15,145.100006,145.699997,129.899994,132.800003,122.166367,398270
2015-01-16,130.699997,131.399994,124.900002,127.300003,117.106750,310086
2015-01-19,134.399994,134.399994,129.199997,131.100006,120.602478,251591
2015-01-20,131.800003,133.300003,131.000000,132.899994,122.258339,195314
2015-01-21,132.600006,133.100006,129.500000,131.100006,120.602478,125829
2015-01-22,131.500000,132.199997,130.100006,132.000000,121.430412,185588
2015-01-23,132.600006,135.100006,131.699997,133.100006,122.442329,107064
2015-01-26,132.300003,135.500000,132.300003,135.199997,124.374168,113792
2015-01-27,135.000000,138.199997,134.300003,135.899994,125.018120,177657
2015-01-28,135.699997,137.300003,134.800003,134.800003,124.006226,200528
2015-01-29,134.500000,137.100006,134.399994,136.199997,125.294106,217059
2015-01-30,136.600006,138.600006,136.399994,136.600006,125.662071,220259
2015-02-02,136.899994,138.100006,135.500000,135.899994,125.018120,103345
2015-02-03,136.000000,138.000000,136.000000,138.000000,126.949974,92173
2015-02-04,138.100006,139.300003,137.899994,138.500000,127.409935,102998
2015-02-05,138.399994,139.800003,137.600006,139.699997,128.513824,72587
2015-02-06,139.300003,139.699997,138.500000,138.899994,127.777908,68288
2015-02-09,136.399994,139.800003,136.399994,139.800003,128.605850,105597
2015-02-10,139.399994,140.899994,139.199997,140.800003,129.525757,85715
2015-02-11,140.500000,140.899994,139.699997,140.600006,129.341797,71788
2015-02-12,140.699997,141.300003,139.899994,140.899994,129.617752,107618
2015-02-13,141.500000,149.300003,140.899994,149.000000,137.069183,181001
2015-02-16,149.000000,149.800003,147.199997,148.800003,136.885208,122421
2015-02-17,147.399994,150.600006,147.399994,150.500000,138.449051,165905
2015-02-18,150.399994,151.899994,150.100006,151.000000,138.909027,137342
2015-02-19,150.899994,152.100006,150.000000,151.500000,139.368988,160701
2015-02-20,150.600006,152.600006,150.300003,151.800003,139.644974,151428
2015-02-23,152.199997,155.500000,152.199997,154.300003,141.944794,120426
2015-02-24,154.199997,157.899994,154.000000,157.199997,144.612595,142992
2015-02-25,156.899994,158.199997,155.399994,156.100006,143.600677,149318
2015-02-26,155.800003,158.000000,155.199997,157.100006,144.520584,204672
2015-02-27,157.600006,157.800003,156.100006,157.300003,144.704575,120828
2015-03-02,157.000000,158.600006,156.500000,158.600006,145.900497,121548
2015-03-03,158.899994,159.699997,157.100006,158.000000,145.348526,142116
2015-03-04,158.100006,158.899994,156.800003,158.500000,145.808502,153498
2015-03-05,158.899994,161.500000,158.699997,161.500000,148.568268,161117
2015-03-06,161.800003,164.899994,161.500000,164.699997,151.512009,142252
2015-03-09,164.000000,165.000000,162.800003,164.600006,151.420029,185995
2015-03-10,164.100006,165.100006,163.899994,164.199997,151.052063,202592
2015-03-11,163.899994,165.199997,163.399994,164.600006,151.420029,155313
2015-03-12,165.000000,166.399994,164.399994,165.100006,151.880005,132605
2015-03-13,165.600006,166.899994,164.500000,166.899994,153.535889,133540
2015-03-16,166.699997,167.899994,165.800003,166.699997,153.351883,125923
2015-03-17,166.699997,167.899994,164.800003,165.699997,152.431946,127419
2015-03-18,165.600006,167.800003,165.600006,166.899994,153.535889,119462
2015-03-19,166.000000,168.100006,165.600006,165.899994,152.615967,247787
2015-03-20,165.399994,168.300003,165.399994,167.699997,154.271820,153267
2015-03-23,167.399994,167.899994,165.199997,165.899994,152.615967,128925
2015-03-24,163.500000,164.800003,162.100006,162.899994,151.870117,144274
2015-03-25,162.500000,164.199997,162.300003,163.899994,152.802383,116933
2015-03-26,163.300003,163.399994,161.500000,162.399994,151.403976,202431
2015-03-27,161.500000,163.399994,161.199997,162.399994,151.403976,187604
2015-03-30,162.199997,165.000000,162.199997,163.699997,152.615967,133560
2015-03-31,163.399994,164.500000,161.800003,161.800003,150.844589,159845
2015-04-01,161.500000,162.699997,160.500000,161.600006,150.658142,154606
2015-04-02,162.000000,162.699997,161.000000,161.100006,150.192017,152178
2015-04-07,163.000000,166.100006,162.399994,165.699997,154.480515,108036
2015-04-08,165.899994,165.899994,163.800003,163.800003,152.709183,133800
2015-04-09,164.699997,165.500000,164.100006,164.699997,153.548264,116637
2015-04-10,165.000000,166.600006,165.000000,165.899994,154.666992,142735
2015-04-13,165.500000,166.600006,165.500000,166.600006,155.319595,70644
2015-04-14,166.000000,166.699997,164.600006,164.800003,153.641479,96812
2015-04-15,164.600006,166.000000,163.899994,164.100006,152.988861,190176
2015-04-16,163.600006,164.500000,162.399994,162.800003,151.776886,109479
2015-04-17,162.899994,162.899994,159.199997,159.199997,148.420639,162434
2015-04-20,160.000000,161.300003,159.600006,160.899994,150.005539,143492
2015-04-21,161.300003,163.399994,161.300003,162.600006,151.590424,127054
2015-04-22,163.000000,164.100006,160.600006,163.399994,152.336258,116536
2015-04-23,163.500000,163.800003,161.500000,162.399994,151.403976,210945
2015-04-24,162.399994,163.500000,161.899994,163.199997,152.149811,148980
2015-04-27,163.100006,164.399994,162.500000,164.399994,153.268539,106835
2015-04-28,161.500000,163.600006,160.000000,161.399994,150.471680,199307
2015-04-29,161.899994,162.800003,158.899994,159.199997,148.420639,130593
2015-04-30,159.199997,159.699997,157.000000,159.199997,148.420639,142035
2015-05-04,159.000000,160.199997,159.000000,159.800003,148.980026,171001
2015-05-05,160.300003,160.800003,158.899994,158.899994,148.140961,108479
2015-05-06,158.399994,159.100006,156.899994,158.000000,147.301880,108643
2015-05-07,157.699997,158.199997,156.199997,157.699997,147.022202,181668
2015-05-08,158.000000,159.500000,157.300003,159.199997,148.420639,158096
2015-05-11,159.500000,161.600006,158.600006,161.199997,150.285217,122237
2015-05-12,160.000000,162.600006,158.699997,162.399994,151.403976,226454
2015-05-13,162.500000,164.100006,162.500000,163.699997,152.615967,137758
2015-05-15,164.899994,166.399994,164.399994,165.100006,153.921158,137234
2015-05-18,165.300003,166.800003,164.899994,166.800003,155.506058,114098
2015-05-19,167.600006,167.899994,166.800003,167.100006,155.785751,84102
2015-05-20,166.800003,167.199997,166.300003,166.800003,155.506058,119092
2015-05-21,166.199997,166.800003,164.800003,166.300003,155.039902,127454
2015-05-22,166.300003,166.600006,165.699997,166.100006,154.853439,97085
2015-05-26,166.000000,166.699997,165.199997,165.500000,154.294083,111261
2015-05-27,165.399994,166.699997,165.399994,166.500000,155.226364,124566
2015-05-28,166.500000,166.600006,165.699997,166.100006,154.853439,123347
2015-05-29,165.899994,166.199997,164.699997,164.699997,153.548264,278838
2015-06-01,165.199997,165.300003,163.199997,165.199997,154.014374,243267
2015-06-02,165.300003,166.100006,164.300003,165.300003,154.107620,119266
2015-06-03,165.899994,167.000000,165.199997,165.899994,154.666992,108048
2015-06-04,165.600006,166.100006,164.800003,165.399994,154.200836,125602
2015-06-05,165.199997,165.199997,162.500000,162.699997,151.683655,119984
2015-06-08,162.100006,163.500000,162.000000,162.899994,151.870117,171897
2015-06-09,162.500000,163.800003,161.800003,163.699997,152.615967,151129
2015-06-10,162.699997,164.699997,162.699997,164.699997,153.548264,155111
2015-06-11,164.199997,165.500000,164.199997,165.199997,154.014374,115916
2015-06-12,165.300003,165.699997,164.199997,164.500000,153.361786,198154
2015-06-15,163.100006,163.699997,160.699997,160.699997,149.819077,170767
2015-06-16,160.000000,162.699997,159.500000,162.300003,151.310745,135485
2015-06-17,162.899994,163.600006,160.100006,160.100006,149.259720,181960
2015-06-18,159.300003,159.699997,156.699997,158.000000,147.301880,249949
2015-06-19,158.199997,160.600006,158.199997,159.199997,148.420639,159762
2015-06-22,161.300003,161.300003,159.500000,161.000000,150.098770,121716
2015-06-23,161.699997,162.500000,161.500000,162.199997,151.217514,81479
2015-06-24,162.699997,163.300003,161.000000,161.800003,150.844589,117200
2015-06-25,161.100006,161.399994,159.899994,159.899994,149.073242,106583
2015-06-26,158.800003,159.399994,157.300003,158.399994,147.674805,107437
2015-06-29,155.199997,157.399994,148.000000,156.500000,145.903473,186857
2015-06-30,156.600006,156.699997,152.899994,152.899994,142.547211,197836
2015-07-01,153.699997,155.300003,153.100006,154.500000,144.038879,122362
2015-07-02,155.399994,155.399994,153.800003,154.600006,144.132095,61103
2015-07-03,154.899994,154.899994,153.100006,154.500000,144.038879,109979
2015-07-06,153.000000,154.100006,152.500000,153.600006,143.199829,121513
2015-07-07,153.199997,154.100006,150.000000,150.000000,139.843567,159810
2015-07-08,150.399994,151.199997,149.500000,150.100006,139.936813,165975
2015-07-09,150.500000,152.800003,150.500000,152.100006,141.801376,118784
2015-07-10,154.399994,154.699997,152.699997,153.899994,143.479492,119010
2015-07-13,154.300003,155.000000,152.500000,153.300003,142.920120,156288
2015-07-14,153.699997,157.300003,153.600006,157.199997,146.556061,130758
2015-07-15,157.000000,157.100006,153.100006,153.100006,142.733673,154243
2015-07-16,153.399994,154.800003,153.100006,154.699997,144.225342,109487
2015-07-17,153.699997,157.699997,153.699997,155.800003,145.250854,198014
2015-07-20,156.000000,157.199997,156.000000,156.899994,146.276352,121457
2015-07-21,157.800003,157.800003,154.899994,155.300003,144.784729,146738
2015-07-22,154.000000,154.100006,150.699997,152.699997,142.360764,184236
2015-07-23,153.500000,154.300003,153.199997,153.500000,143.106583,138606
2015-07-24,153.000000,154.199997,152.100006,152.100006,141.801376,91313
2015-07-27,151.800003,152.199997,150.000000,150.600006,140.402969,97288
2015-07-28,150.800003,151.199997,149.300003,150.699997,140.496155,153368
2015-07-29,150.800003,153.100006,150.800003,153.000000,142.640442,126405
2015-07-30,153.300003,154.800003,153.000000,154.300003,143.852417,78522
2015-07-31,155.000000,156.199997,153.899994,155.699997,145.157608,134597
2015-08-03,155.000000,155.699997,154.399994,154.899994,144.411789,85411
2015-08-04,154.699997,156.399994,154.699997,155.199997,144.691483,92039
2015-08-05,155.300003,156.300003,154.600006,155.399994,144.877930,165270
2015-08-06,155.300003,156.800003,155.000000,155.800003,145.250854,119784
2015-08-07,156.000000,156.000000,154.100006,154.600006,144.132095,89770
2015-08-10,155.500000,156.199997,154.000000,154.600006,144.132095,158220
2015-08-11,153.500000,155.300003,153.300003,153.600006,143.199829,116808
2015-08-12,152.199997,152.600006,146.300003,146.899994,136.953461,202519
2015-08-13,149.800003,151.399994,149.000000,151.199997,140.962311,320453
2015-08-14,153.500000,153.699997,151.600006,153.100006,142.733673,155470
2015-08-17,153.800003,155.600006,153.600006,154.899994,144.411789,146653
2015-08-18,154.000000,155.800003,154.000000,155.100006,144.598251,151540
2015-08-19,154.500000,154.600006,153.199997,153.699997,143.293060,160201
2015-08-20,152.600006,153.699997,150.899994,151.000000,140.775864,136960
2015-08-21,148.699997,150.699997,148.100006,148.100006,138.072235,188561
2015-08-24,144.500000,146.000000,141.000000,142.600006,132.944626,331238
2015-08-25,144.300003,146.600006,143.699997,145.800003,135.927948,273732
2015-08-26,144.600006,147.399994,143.399994,144.699997,134.902435,249012
2015-08-27,147.000000,147.800003,145.899994,146.500000,136.580566,238609
2015-08-28,147.000000,148.100006,146.000000,146.300003,136.394089,203871
2015-08-31,146.000000,148.300003,145.699997,148.300003,138.258682,101601
2015-09-01,147.100006,148.000000,145.100006,145.300003,135.461823,166503
2015-09-02,146.000000,146.800003,143.899994,146.399994,136.487320,139456
2015-09-03,147.300003,149.500000,147.100006,148.899994,138.818039,119705
2015-09-04,147.899994,148.300003,146.300003,147.000000,137.046722,161339
2015-09-07,147.500000,148.300003,146.300003,147.399994,137.419601,83482
2015-09-08,147.600006,150.199997,147.600006,149.199997,139.097748,83236
2015-09-09,151.300003,152.000000,150.000000,150.800003,140.589401,140279
2015-09-10,150.600006,151.100006,149.500000,150.300003,140.123260,122255
2015-09-11,150.300003,150.600006,149.199997,149.699997,139.563889,116533
2015-09-14,150.100006,151.300003,149.199997,149.399994,139.284195,113786
2015-09-15,150.000000,151.000000,149.199997,150.500000,140.309723,127915
2015-09-16,151.699997,154.500000,151.399994,154.500000,144.038879,190114
2015-09-17,154.199997,154.500000,151.899994,152.300003,141.987839,127548
2015-09-18,151.199997,151.399994,148.699997,149.600006,139.470657,215512
2015-09-21,149.699997,151.199997,148.699997,150.399994,140.216492,155571
2015-09-22,150.199997,150.300003,145.600006,145.899994,136.021164,196836
2015-09-23,145.800003,146.500000,145.399994,145.399994,135.555023,199403
2015-09-24,145.000000,145.500000,133.199997,135.500000,126.325363,565299
2015-09-25,137.800003,140.800003,136.100006,139.899994,130.427444,270051
2015-09-28,139.800003,140.500000,138.800003,139.100006,129.681610,194334
2015-09-29,138.000000,140.800003,137.300003,139.699997,130.240982,184804
2015-09-30,141.399994,141.800003,140.000000,140.000000,130.520660,285475
2015-10-01,141.399994,143.000000,140.100006,140.399994,130.893585,238843
2015-10-02,141.199997,142.600006,140.699997,141.800003,132.198792,198313
2015-10-05,143.899994,144.600006,143.100006,144.000000,134.249832,203526
2015-10-06,143.800003,145.100006,143.000000,144.899994,135.088882,180687
2015-10-07,145.600006,147.000000,144.500000,146.300003,136.394089,169902
2015-10-08,146.199997,147.800003,146.100006,147.699997,137.699295,145786
2015-10-09,148.800003,150.500000,148.800003,149.399994,139.284195,113475
2015-10-12,149.800003,150.500000,147.500000,148.100006,138.072235,103593
2015-10-13,148.300003,148.600006,146.500000,147.100006,137.139938,113937
2015-10-14,146.100006,146.699997,145.000000,145.199997,135.368576,96597
2015-10-15,146.100006,146.199997,144.399994,145.399994,135.555023,121790
2015-10-16,145.399994,146.899994,143.800003,144.500000,134.715973,286413
2015-10-19,144.600006,145.699997,143.500000,144.000000,134.249832,112770
2015-10-20,143.699997,145.600006,143.699997,145.199997,135.368576,101138
2015-10-21,145.800003,146.399994,144.699997,146.199997,136.300858,105646
2015-10-22,145.600006,149.699997,145.600006,149.399994,139.284195,160914
2015-10-23,150.000000,155.699997,148.899994,154.100006,143.665970,315662
2015-10-26,154.100006,156.000000,153.800003,155.600006,145.064392,202280
2015-10-27,155.100006,156.800003,154.500000,155.600006,145.064392,173184
2015-10-28,155.300003,159.600006,154.800003,159.000000,148.234177,188638
2015-10-29,159.899994,160.899994,159.100006,160.000000,149.166473,197670
2015-10-30,160.399994,162.300003,160.300003,160.600006,149.725861,169550
2015-11-02,160.800003,163.100006,160.500000,162.399994,151.403976,124754
2015-11-03,162.800003,164.500000,161.800003,164.300003,153.175323,171878
2015-11-04,164.199997,165.399994,163.000000,163.600006,152.522736,190521
2015-11-05,164.000000,165.800003,163.199997,165.800003,154.573761,115662
2015-11-06,166.000000,167.800003,164.899994,165.699997,154.480515,188348
2015-11-09,165.300003,166.699997,164.000000,164.000000,152.895630,141346
2015-11-10,164.699997,164.800003,161.600006,162.000000,151.031067,221606
2015-11-11,162.000000,164.800003,162.000000,162.399994,151.403976,182015
2015-11-12,162.800003,162.800003,160.500000,161.000000,150.098770,154389
2015-11-13,161.000000,161.699997,159.800003,160.399994,149.539383,186095
2015-11-16,159.100006,161.699997,159.100006,160.600006,149.725861,135229
2015-11-17,161.899994,164.899994,161.399994,164.899994,153.734695,160627
2015-11-18,164.699997,166.500000,163.699997,166.100006,154.853439,104346
2015-11-19,166.100006,167.600006,165.100006,165.199997,154.014374,121682
2015-11-20,166.300003,167.800003,165.399994,167.399994,156.065399,132571
2015-11-23,166.899994,168.199997,166.100006,167.399994,156.065399,98560
2015-11-24,167.399994,167.699997,164.800003,165.000000,153.827927,136119
2015-11-25,165.600006,168.300003,165.300003,167.399994,156.065399,123567
2015-11-26,167.899994,168.699997,167.100006,168.300003,156.904495,83415
2015-11-27,167.000000,169.300003,167.000000,168.000000,156.624786,93866
2015-11-30,167.399994,169.899994,167.399994,169.300003,157.836792,142245
2015-12-01,169.500000,170.699997,169.000000,169.699997,158.209686,157793
2015-12-02,170.199997,171.100006,169.899994,171.000000,159.421661,124722
2015-12-03,169.899994,170.699997,167.600006,168.000000,156.624786,206063
2015-12-04,168.000000,168.000000,166.000000,167.100006,155.785751,145502
2015-12-07,167.699997,169.899994,167.699997,169.899994,158.396149,139223
2015-12-08,169.500000,170.000000,165.600006,166.000000,154.760239,165683
2015-12-09,165.899994,166.899994,163.600006,164.000000,152.895630,176965
2015-12-10,163.100006,166.699997,162.600006,166.500000,155.226364,158742
2015-12-11,166.600006,167.000000,162.600006,163.100006,152.056580,146976
2015-12-14,163.300003,163.899994,161.000000,161.399994,150.471680,187192
2015-12-15,163.100006,166.300003,162.399994,166.300003,155.039902,137553
2015-12-16,165.899994,169.000000,165.800003,167.899994,156.531555,155127
2015-12-17,170.000000,170.600006,167.300003,167.500000,156.158661,187331
2015-12-18,167.699997,167.699997,165.000000,165.100006,153.921158,192446
2015-12-21,164.899994,166.000000,164.199997,164.199997,153.082108,113812
2015-12-22,165.300003,165.300003,164.100006,164.100006,152.988861,101318
2015-12-23,165.699997,167.699997,165.199997,166.899994,155.599274,85765
2015-12-28,167.100006,168.899994,166.899994,167.500000,156.158661,61239
2015-12-29,168.500000,169.899994,168.100006,168.800003,157.370636,67761
2015-12-30,169.000000,169.500000,167.899994,168.000000,156.624786,104961
2016-01-04,166.000000,166.000000,159.399994,159.800003,148.980026,219957
2016-01-05,161.800003,161.800003,158.100006,161.300003,150.378448,165199
2016-01-06,161.300003,162.000000,158.000000,159.199997,148.420639,104286
2016-01-07,156.600006,156.699997,151.399994,155.500000,144.971161,212757
2016-01-08,155.899994,156.600006,152.500000,152.699997,142.360764,158501
2016-01-11,152.300003,153.899994,151.399994,152.000000,141.708145,143607
2016-01-12,152.000000,155.600006,151.000000,154.500000,144.038879,199291
2016-01-13,155.899994,157.800003,155.800003,156.399994,145.810226,146093
2016-01-14,155.000000,155.500000,153.199997,154.800003,144.318573,246876
2016-01-15,153.899994,155.100006,150.699997,151.699997,141.428467,142784
2016-01-18,151.000000,153.500000,150.600006,150.600006,140.402969,167468
2016-01-19,152.300003,153.600006,150.899994,152.000000,141.708145,163379
2016-01-20,149.800003,149.899994,147.100006,148.500000,138.445114,159419
2016-01-21,148.399994,150.800003,148.000000,150.399994,140.216492,194025
2016-01-22,153.699997,155.300003,152.199997,153.600006,143.199829,154551
2016-01-25,154.899994,154.899994,150.100006,151.300003,141.055542,126130
2016-01-26,149.899994,154.699997,149.600006,154.699997,144.225342,117627
2016-01-27,153.699997,155.199997,152.699997,155.199997,144.691483,126826
2016-01-28,155.100006,157.300003,153.600006,155.800003,145.250854,217872
2016-01-29,157.399994,158.199997,154.699997,156.399994,145.810226,354961
2016-02-01,156.699997,158.699997,155.899994,158.699997,147.954498,171824
2016-02-02,157.899994,159.300003,156.399994,157.600006,146.929001,165181
2016-02-03,157.800003,159.300003,156.100006,157.600006,146.929001,138493
2016-02-04,160.000000,160.100006,156.899994,159.699997,148.886795,156178
2016-02-05,160.300003,161.800003,158.500000,159.600006,148.793564,178315
2016-02-08,160.500000,160.500000,154.500000,155.300003,144.784729,172306
2016-02-09,154.899994,156.600006,150.500000,153.100006,142.733673,208162
2016-02-10,153.300003,156.500000,151.699997,155.600006,145.064392,160155
2016-02-11,153.399994,153.500000,150.500000,151.100006,140.869095,204063
2016-02-12,152.500000,156.000000,152.000000,154.500000,144.038879,224160
2016-02-15,157.000000,161.399994,156.000000,160.500000,149.632614,153611
2016-02-16,161.000000,162.300003,159.000000,160.600006,149.725861,198314
2016-02-17,161.100006,164.100006,160.899994,163.800003,152.709183,149850
2016-02-18,164.199997,166.399994,162.899994,165.000000,153.827927,165413
2016-02-19,165.000000,166.600006,164.199997,165.199997,154.014374,123450
2016-02-22,167.699997,169.399994,167.100006,167.600006,156.251892,140765
2016-02-23,167.399994,168.699997,166.699997,167.100006,155.785751,137717
2016-02-24,166.600006,166.699997,162.600006,167.100006,155.785751,172387
2016-02-25,166.300003,169.800003,165.600006,166.600006,155.319595,180609
2016-02-26,167.800003,169.800003,167.800003,168.899994,157.463852,110175
2016-02-29,168.000000,169.100006,167.199997,167.500000,156.158661,191770
2016-03-01,167.199997,170.100006,166.899994,169.500000,158.023239,176851
2016-03-02,170.899994,171.000000,167.800003,169.300003,157.836792,151920
2016-03-03,169.500000,170.899994,168.600006,170.699997,159.141983,147090
2016-03-04,170.000000,174.100006,170.000000,172.100006,160.447189,205804
2016-03-07,171.100006,174.800003,170.100006,174.199997,162.405014,163539
2016-03-08,173.100006,174.399994,172.500000,173.800003,162.032089,163984
2016-03-09,173.399994,176.100006,173.399994,175.000000,163.150833,109748
2016-03-10,175.600006,177.699997,173.899994,173.899994,162.125305,214753
2016-03-11,175.000000,177.899994,175.000000,177.600006,165.574799,142825
2016-03-14,177.699997,178.000000,176.000000,176.899994,164.922180,127813
2016-03-15,176.600006,176.699997,175.000000,175.199997,163.337296,123631
2016-03-16,175.399994,176.500000,174.399994,175.399994,163.523743,123052
2016-03-17,175.699997,177.300003,174.199997,176.500000,164.549286,125402
2016-03-18,176.300003,177.000000,173.899994,173.899994,162.125305,480939
2016-03-21,173.600006,174.500000,172.600006,173.600006,161.845627,155016
2016-03-22,173.000000,173.699997,171.699997,173.500000,161.752396,131795
2016-03-23,173.100006,175.100006,173.100006,174.899994,163.057587,98588
2016-03-24,172.000000,172.600006,170.600006,172.100006,162.962906,139725
2016-03-29,172.000000,174.500000,171.800003,174.199997,164.951416,90679
2016-03-30,175.000000,177.699997,175.000000,177.500000,168.076218,121890
2016-03-31,176.699997,177.699997,175.199997,177.300003,167.886841,174378
2016-04-01,175.899994,177.199997,174.600006,176.399994,167.034607,186307
2016-04-04,175.600006,178.899994,175.399994,176.899994,167.508057,120700
2016-04-05,175.300003,175.800003,172.500000,175.100006,165.803650,168605
2016-04-06,175.399994,177.199997,174.300003,177.100006,167.697449,156387
2016-04-07,177.199997,177.899994,174.600006,174.899994,165.614243,100325
2016-04-08,175.100006,178.699997,175.100006,178.600006,169.117813,75927
2016-04-11,179.000000,179.000000,177.100006,177.800003,168.360291,82270
2016-04-12,178.000000,178.800003,175.800003,178.800003,169.307205,105266
2016-04-13,179.500000,179.600006,177.000000,178.000000,168.549683,100424
2016-04-14,178.300003,180.600006,177.800003,180.000000,170.443481,104092
2016-04-15,179.899994,180.800003,178.199997,178.600006,169.117813,162997
2016-04-18,177.899994,178.399994,176.399994,177.500000,168.076218,123607
2016-04-19,177.800003,182.399994,177.199997,182.199997,172.526688,93172
2016-04-20,181.699997,182.800003,181.199997,182.399994,172.716049,78890
2016-04-21,182.699997,183.000000,177.800003,180.000000,170.443481,150629
2016-04-22,179.000000,179.199997,176.500000,177.300003,167.886841,135518
2016-04-25,177.500000,179.300003,177.300003,179.000000,169.496582,113309
2016-04-26,180.000000,180.500000,178.800003,179.000000,169.496582,132725
2016-04-27,179.699997,179.699997,177.199997,178.899994,169.401886,178332
2016-04-28,177.100006,179.000000,174.600006,176.500000,167.129303,230364
2016-04-29,176.800003,176.800003,174.100006,174.699997,165.424866,187663
2016-05-02,174.699997,178.000000,174.699997,177.000000,167.602753,145613
2016-05-03,176.300003,177.000000,175.600006,176.600006,167.224014,153488
2016-05-04,176.899994,177.600006,172.699997,173.100006,163.909821,162051
2016-05-06,173.500000,175.899994,172.800003,174.899994,165.614243,102602
2016-05-09,175.800003,176.100006,174.199997,174.600006,165.330170,83404
2016-05-10,175.199997,175.500000,174.100006,175.199997,165.898331,116337
2016-05-11,174.899994,175.399994,174.000000,175.300003,165.993011,110925
2016-05-12,175.100006,176.500000,173.800003,174.300003,165.046127,70990
2016-05-13,173.199997,175.199997,173.000000,174.800003,165.519562,63845
2016-05-17,175.600006,176.600006,174.300003,175.699997,166.371765,104307
2016-05-18,174.899994,177.100006,174.399994,177.100006,167.697449,98515
2016-05-19,177.300003,177.300003,175.100006,177.100006,167.697449,68289
2016-05-20,177.000000,181.199997,176.500000,181.199997,171.579773,116075
2016-05-23,181.100006,182.600006,179.800003,182.000000,172.337296,108863
2016-05-24,181.000000,184.000000,180.300003,183.399994,173.662964,120561
2016-05-25,183.699997,184.000000,182.199997,182.600006,172.905457,64112
2016-05-26,182.899994,184.100006,182.500000,183.800003,174.041733,73742
2016-05-27,184.000000,184.000000,182.800003,183.300003,173.568283,70206
2016-05-30,184.000000,184.000000,183.000000,183.399994,173.662964,23535
2016-05-31,182.699997,184.899994,182.699997,184.100006,174.325806,111179
2016-06-01,183.500000,184.899994,182.899994,184.699997,174.893951,87823
2016-06-02,184.199997,185.699997,184.199997,184.500000,174.704575,124576
2016-06-03,185.300003,186.300003,183.600006,184.699997,174.893951,116613
2016-06-06,185.199997,187.199997,184.600006,186.300003,176.409012,112707
2016-06-07,186.399994,188.000000,184.600006,185.000000,175.178024,75367
2016-06-08,184.199997,185.000000,183.500000,183.699997,173.947052,71957
2016-06-09,183.699997,183.699997,182.000000,182.000000,172.337296,82581
2016-06-10,181.199997,181.199997,179.699997,180.000000,170.443481,115013
2016-06-13,178.300003,179.600006,176.199997,176.500000,167.129303,115966
2016-06-14,175.500000,175.699997,171.899994,173.000000,163.815125,129109
2016-06-15,173.199997,175.899994,173.199997,173.899994,164.667328,105778
2016-06-16,172.300003,173.800003,170.800003,171.199997,162.110687,149624
2016-06-17,172.699997,175.199997,172.500000,173.000000,163.815125,210763
2016-06-20,175.300003,177.699997,174.699997,177.300003,167.886841,161375
2016-06-21,177.000000,177.500000,175.699997,176.000000,166.655838,120489
2016-06-22,178.000000,178.600006,176.399994,177.000000,167.602753,89979
2016-06-23,177.199997,179.899994,176.300003,179.399994,169.875320,74945
2016-06-24,172.000000,177.899994,172.000000,173.699997,164.477951,209701
2016-06-27,173.699997,174.000000,167.300003,167.600006,158.701813,161354
2016-06-28,169.100006,171.699997,168.699997,168.699997,159.743408,122662
2016-06-29,169.699997,172.199997,168.100006,171.899994,162.773529,142700
2016-06-30,171.600006,176.100006,171.600006,176.000000,166.655838,167609
2016-07-01,176.800003,178.699997,176.399994,178.100006,168.644363,97175
2016-07-04,178.000000,179.399994,175.699997,176.100006,166.750534,69143
2016-07-05,175.899994,176.199997,173.899994,174.399994,165.140808,132719
2016-07-06,174.899994,176.800003,172.800003,173.899994,164.667328,112441
2016-07-07,174.500000,176.500000,174.399994,175.500000,166.182404,73003
2016-07-08,174.899994,177.100006,173.300003,177.100006,167.697449,69513
2016-07-11,177.899994,180.600006,177.300003,180.500000,170.916931,90355
2016-07-12,180.899994,181.699997,180.000000,180.500000,170.916931,91561
2016-07-13,180.399994,182.399994,178.899994,182.199997,172.526688,84747
2016-07-14,182.500000,183.199997,181.699997,182.699997,173.000137,73208
2016-07-15,182.199997,182.899994,180.600006,182.000000,172.337296,69894
2016-07-18,181.300003,182.699997,180.699997,181.800003,172.147919,57287
2016-07-19,181.800003,183.699997,180.399994,183.699997,173.947052,119796
2016-07-20,184.000000,186.199997,182.800003,184.699997,174.893951,84721
2016-07-21,183.600006,185.000000,182.699997,184.000000,174.231110,93472
2016-07-22,184.600006,185.199997,183.000000,184.800003,174.988647,71056
2016-07-25,185.399994,185.399994,182.699997,184.800003,174.988647,98035
2016-07-26,185.199997,186.000000,183.399994,185.600006,175.746170,71253
2016-07-27,186.000000,188.100006,185.600006,186.699997,176.787766,75827
2016-07-28,186.000000,187.699997,185.100006,185.300003,175.462097,93718
2016-07-29,185.399994,186.300003,184.500000,185.899994,176.030243,112576
2016-08-02,185.800003,187.600006,183.100006,185.100006,175.272736,128348
2016-08-03,185.800003,185.800003,183.699997,184.199997,174.420486,111884
2016-08-04,185.000000,185.100006,183.699997,184.399994,174.609879,146473
2016-08-05,185.199997,186.500000,184.500000,186.399994,176.503677,138256
2016-08-08,186.000000,188.899994,186.000000,188.899994,178.870956,83720
2016-08-09,189.000000,192.699997,189.000000,192.699997,182.469208,109851
2016-08-10,192.500000,193.699997,191.699997,193.600006,183.321442,59557
2016-08-11,194.300003,195.899994,193.199997,195.899994,185.499313,75245
2016-08-12,196.100006,197.000000,195.500000,196.800003,186.351547,63068
2016-08-15,197.000000,197.500000,195.699997,195.899994,185.499313,85141
2016-08-16,190.000000,191.100006,184.699997,187.300003,177.355927,272383
2016-08-17,188.100006,188.699997,183.399994,183.899994,174.136414,174025
2016-08-18,184.100006,188.500000,184.100006,187.899994,177.924042,219420
2016-08-19,188.899994,189.300003,185.899994,186.699997,176.787766,188184
2016-08-22,186.300003,188.699997,186.199997,187.600006,177.639984,96477
2016-08-23,187.800003,189.000000,187.699997,188.399994,178.397522,69417
2016-08-24,187.300003,189.000000,186.899994,187.399994,177.450607,108490
2016-08-25,187.399994,187.600006,185.600006,187.000000,177.071838,125330
2016-08-26,186.399994,188.899994,186.100006,188.800003,178.776276,92275
2016-08-29,188.000000,188.600006,186.699997,187.699997,177.734665,41070
2016-08-30,188.199997,189.600006,187.500000,187.699997,177.734665,108113
2016-08-31,188.000000,188.000000,185.100006,185.100006,175.272736,118176
2016-09-01,185.500000,186.699997,183.399994,184.100006,174.325806,201326
2016-09-02,185.100006,185.800003,183.600006,185.399994,175.556778,126640
2016-09-05,185.000000,186.600006,185.000000,185.899994,176.030243,79990
2016-09-06,186.199997,186.300003,184.500000,185.000000,175.178024,81338
2016-09-07,184.899994,186.100006,184.899994,185.399994,175.556778,78255
2016-09-08,184.899994,186.000000,182.800003,184.100006,174.325806,118339
2016-09-09,183.699997,184.199997,180.699997,181.399994,171.769165,99492
2016-09-12,180.000000,181.600006,178.899994,181.399994,171.769165,159765
2016-09-13,181.500000,182.600006,180.699997,180.699997,171.106308,110111
2016-09-14,181.800003,182.500000,180.899994,182.000000,172.337296,140140
2016-09-15,181.600006,182.500000,180.399994,182.500000,172.810760,106578
2016-09-16,182.500000,182.500000,179.899994,180.500000,170.916931,189395
2016-09-19,181.000000,182.000000,180.500000,182.000000,172.337296,81624
2016-09-20,182.100006,183.399994,181.300003,181.300003,171.674469,85250
2016-09-21,181.800003,181.899994,179.600006,180.899994,171.295685,82632
2016-09-22,181.800003,184.100006,180.699997,183.100006,173.378891,62047
2016-09-23,183.000000,183.100006,181.100006,182.500000,172.810760,75910
2016-09-26,181.399994,182.300003,180.399994,181.800003,172.147919,79269
2016-09-27,182.899994,183.100006,180.600006,181.899994,172.242599,78241
2016-09-28,181.899994,183.600006,181.600006,182.399994,172.716049,69179
2016-09-29,182.800003,184.300003,180.300003,180.800003,171.201004,83593
2016-09-30,179.899994,182.199997,178.699997,182.199997,172.526688,98480
2016-10-03,181.199997,183.300003,181.199997,183.000000,173.284210,64480
2016-10-04,182.100006,185.000000,182.100006,185.000000,175.178024,88286
2016-10-05,184.500000,184.600006,182.899994,184.199997,174.420486,78761
2016-10-06,185.000000,185.500000,182.899994,183.199997,173.473587,93486
2016-10-07,183.600006,184.199997,181.000000,181.500000,171.863846,62039
2016-10-10,182.000000,182.100006,180.199997,181.199997,171.579773,59259
2016-10-11,180.899994,181.899994,179.899994,180.199997,170.632858,89873
2016-10-12,180.000000,180.899994,179.199997,179.600006,170.064728,57563
2016-10-13,178.500000,178.899994,176.800003,177.699997,168.265594,97728
2016-10-14,180.000000,182.600006,178.899994,182.399994,172.716049,133890
2016-10-17,182.199997,182.699997,181.399994,181.800003,172.147919,104880
2016-10-18,183.199997,185.800003,183.100006,185.800003,175.935562,117903
2016-10-19,185.600006,185.899994,184.699997,185.699997,175.840851,76500
2016-10-20,185.800003,185.800003,183.600006,184.199997,174.420486,92740
2016-10-21,184.000000,185.100006,183.800003,184.100006,174.325806,59999
2016-10-24,184.100006,184.199997,181.300003,181.600006,171.958527,102856
2016-10-25,187.000000,191.000000,185.000000,186.000000,176.124939,232061
2016-10-26,185.000000,188.100006,184.800003,185.699997,175.840851,191718
2016-10-27,185.699997,186.699997,184.300003,185.699997,175.840851,87186
2016-10-28,185.399994,187.399994,184.199997,187.199997,177.261215,103977
2016-10-31,185.600006,186.399994,183.699997,183.899994,174.136414,109979
2016-11-01,184.699997,185.600006,183.600006,185.300003,175.462097,158683
2016-11-02,185.199997,185.600006,182.699997,183.000000,173.284210,144946
2016-11-03,181.899994,182.199997,180.500000,180.600006,171.011642,128509
2016-11-04,179.899994,181.000000,178.800003,180.600006,171.011642,87170
2016-11-07,181.000000,182.100006,180.899994,181.399994,171.769165,114210
2016-11-08,181.300003,182.699997,181.000000,181.300003,171.674469,80051
2016-11-09,177.899994,185.500000,177.899994,185.399994,175.556778,143096
2016-11-10,186.300003,187.300003,184.199997,185.100006,175.272736,142407
2016-11-11,186.600006,186.600006,181.600006,182.300003,172.621368,106570
2016-11-14,183.100006,183.899994,178.600006,179.000000,169.496582,147615
2016-11-15,179.399994,180.100006,178.300003,179.000000,169.496582,193091
2016-11-16,179.000000,180.100006,178.399994,179.199997,169.685959,118099
2016-11-17,179.300003,180.600006,178.399994,179.199997,169.685959,96226
2016-11-18,180.699997,181.399994,179.000000,180.100006,170.538177,87201
2016-11-21,180.600006,181.100006,179.399994,179.399994,169.875320,79181
2016-11-22,180.300003,180.600006,177.699997,179.399994,169.875320,126812
2016-11-23,180.000000,181.199997,178.000000,178.800003,169.307205,128362
2016-11-24,179.000000,181.199997,178.800003,181.199997,171.579773,62581
2016-11-25,181.199997,181.800003,179.600006,181.300003,171.674469,59700
2016-11-28,181.000000,181.800003,179.899994,180.000000,170.443481,92750
2016-11-29,179.899994,181.500000,179.399994,179.699997,170.159409,113720
2016-11-30,179.399994,181.500000,179.199997,180.600006,171.011642,688510
2016-12-01,181.000000,181.600006,179.800003,180.399994,170.822235,133801
2016-12-02,180.100006,180.100006,177.899994,178.199997,168.739044,64343
2016-12-05,177.500000,180.600006,177.500000,180.000000,170.443481,79682
2016-12-06,180.500000,180.500000,178.500000,178.899994,169.401886,73944
2016-12-07,179.899994,180.899994,177.699997,179.399994,169.875320,90855
2016-12-08,179.500000,180.500000,178.699997,179.600006,170.064728,66295
2016-12-09,179.399994,180.000000,178.500000,179.600006,170.064728,149863
2016-12-12,179.399994,179.600006,176.399994,176.600006,167.224014,109438
2016-12-13,176.100006,177.199997,175.699997,176.399994,167.034607,146933
2016-12-14,176.500000,176.600006,175.399994,175.899994,166.561157,83593
2016-12-15,175.199997,176.300003,174.100006,175.300003,165.993011,115178
2016-12-16,175.399994,176.899994,175.100006,175.399994,166.087708,118856
2016-12-19,175.399994,175.600006,174.600006,174.699997,165.424866,90491
2016-12-20,175.000000,176.899994,174.899994,176.399994,167.034607,109196
2016-12-21,176.199997,177.699997,175.699997,176.800003,167.413376,98458
2016-12-22,176.899994,178.800003,176.399994,178.300003,168.833740,187495
2016-12-23,178.399994,179.399994,177.699997,178.399994,168.928421,59719
2016-12-27,178.199997,179.300003,178.199997,179.100006,169.591278,28895
2016-12-28,179.100006,179.500000,178.300003,179.100006,169.591278,35379
2016-12-29,178.000000,179.800003,178.000000,179.100006,169.591278,62053
2016-12-30,179.300003,180.199997,178.699997,179.600006,170.064728,79637
2017-01-03,180.800003,181.800003,179.000000,179.300003,169.780640,129173
2017-01-04,179.399994,180.199997,178.199997,178.699997,169.212494,70395
2017-01-05,179.000000,179.000000,177.300003,178.500000,169.023117,143863
2017-01-06,178.600006,179.600006,177.800003,179.399994,169.875320,55253
2017-01-09,180.300003,180.300003,178.199997,179.000000,169.496582,56954
2017-01-10,179.500000,180.800003,179.500000,180.600006,171.011642,100059
2017-01-11,180.600006,182.100006,179.800003,181.899994,172.242599,79893
2017-01-12,181.500000,182.100006,180.100006,182.000000,172.337296,102821
2017-01-13,183.100006,183.100006,181.500000,183.000000,173.284210,217724
2017-01-16,183.199997,183.699997,182.699997,183.199997,173.473587,50583
2017-01-17,182.399994,182.500000,180.199997,180.500000,170.916931,153534
2017-01-18,181.000000,181.300003,180.000000,181.199997,171.579773,66759
2017-01-19,181.199997,181.600006,180.199997,180.899994,171.295685,87516
2017-01-20,180.899994,181.899994,180.500000,181.399994,171.769165,282743
2017-01-23,181.199997,181.699997,180.500000,181.300003,171.674469,79925
2017-01-24,181.500000,184.500000,181.100006,184.500000,174.704575,196488
2017-01-25,185.399994,189.199997,184.899994,189.199997,179.155045,140324
2017-01-26,189.100006,189.199997,184.100006,185.300003,175.462097,207255
2017-01-27,185.800003,186.600006,185.199997,186.000000,176.124939,120002
2017-01-30,185.300003,187.000000,185.199997,185.800003,175.935562,93074
2017-01-31,186.399994,189.899994,185.899994,188.000000,178.018753,175978
2017-02-01,189.000000,189.699997,188.000000,188.500000,178.492203,105962
2017-02-02,188.500000,190.300003,188.300003,189.100006,179.060364,111031
2017-02-03,189.100006,190.300003,188.800003,189.899994,179.817886,77510
2017-02-06,189.000000,190.600006,188.899994,189.399994,179.344406,69582
2017-02-07,188.500000,191.600006,188.500000,190.600006,180.480728,91680
2017-02-08,190.100006,191.000000,189.899994,190.800003,180.670105,122884
2017-02-09,191.000000,191.500000,190.100006,191.100006,180.954163,85074
2017-02-10,191.399994,192.100006,191.100006,191.100006,180.954163,49707
2017-02-13,191.899994,192.800003,191.500000,192.800003,182.563919,81059
2017-02-14,192.000000,192.199997,190.500000,191.100006,180.954163,74291
2017-02-15,193.000000,194.899994,192.800003,193.500000,183.226730,150010
2017-02-16,193.300003,193.899994,192.000000,193.100006,182.847992,116309
2017-02-17,192.899994,193.800003,192.500000,193.399994,183.132050,79439
2017-02-20,193.899994,194.600006,193.800003,194.300003,183.984283,67297
2017-02-21,193.800003,195.399994,193.399994,195.000000,184.647095,114623
2017-02-22,195.699997,195.800003,194.699997,195.399994,185.025879,100725
2017-02-23,195.199997,195.899994,194.600006,195.100006,184.741806,83026
2017-02-24,194.600006,194.600006,191.899994,193.500000,183.226730,72866
2017-02-27,194.199997,195.100006,193.600006,194.699997,184.363037,85132
2017-02-28,194.800003,194.800003,193.899994,194.199997,183.889572,143565
2017-03-01,194.699997,197.199997,194.699997,197.100006,186.635605,128339
2017-03-02,197.899994,197.899994,195.600006,196.300003,185.878082,111607
2017-03-03,195.199997,196.300003,195.199997,196.000000,185.594009,71685
2017-03-06,195.899994,195.899994,194.899994,195.300003,184.931183,80280
2017-03-07,195.600006,196.699997,195.199997,195.800003,185.404648,198013
2017-03-08,195.399994,196.199997,194.800003,195.800003,185.404648,94068
2017-03-09,195.699997,195.699997,194.399994,194.699997,184.363037,104390
2017-03-10,194.899994,196.399994,194.399994,196.399994,185.972763,293405
2017-03-13,197.600006,197.600006,196.000000,196.399994,185.972763,108367
2017-03-14,196.699997,196.699997,195.100006,195.600006,185.215256,97340
2017-03-15,196.100006,196.899994,195.699997,196.800003,186.351547,99381
2017-03-16,197.500000,198.199997,194.399994,194.899994,184.552399,169403
2017-03-17,195.399994,195.500000,193.199997,194.500000,184.173660,242631
2017-03-20,190.100006,192.899994,189.899994,192.500000,185.135391,166909
2017-03-21,193.199997,193.199997,190.899994,191.199997,183.885132,131880
2017-03-22,189.100006,190.699997,188.600006,190.300003,183.019562,99559
2017-03-23,190.000000,193.800003,190.000000,193.800003,186.385666,112995
2017-03-24,194.100006,194.399994,192.300003,194.300003,186.866531,93992
2017-03-27,193.600006,193.600006,191.199997,192.100006,184.750702,80618
2017-03-28,192.500000,193.399994,191.800003,192.300003,184.943054,75711
2017-03-29,192.699997,193.100006,191.800003,192.800003,185.423920,72341
2017-03-30,192.800003,193.399994,191.899994,193.399994,186.000961,62299
2017-03-31,193.500000,194.500000,191.699997,193.800003,186.385666,148136
2017-04-03,194.199997,195.000000,193.600006,194.100006,186.674194,101877
2017-04-04,194.000000,196.800003,193.399994,194.500000,187.058884,139135
2017-04-05,195.100006,195.100006,194.000000,194.199997,186.770355,96136
2017-04-06,193.699997,195.100006,192.600006,194.600006,187.155060,112361
2017-04-07,193.600006,194.899994,193.000000,194.899994,187.443573,73749
2017-04-10,195.399994,196.399994,195.199997,195.699997,188.212967,67444
2017-04-11,195.399994,196.500000,194.899994,196.100006,188.597672,64883
2017-04-12,196.800003,198.199997,195.600006,198.000000,190.424988,97355
2017-04-13,198.100006,198.100006,197.000000,198.000000,190.424988,51911
2017-04-18,198.300003,199.199997,195.899994,196.100006,188.597672,109836
2017-04-19,196.600006,197.899994,196.199997,197.899994,190.328796,85628
2017-04-20,197.699997,198.600006,197.000000,197.600006,190.040283,95077
2017-04-21,197.699997,198.100006,196.899994,197.699997,190.136459,97198
2017-04-24,199.399994,203.600006,198.699997,202.899994,195.137512,155885
2017-04-25,203.000000,203.300003,200.699997,203.300003,195.522217,152868
2017-04-26,203.000000,203.800003,201.300003,203.199997,195.426041,135511
2017-04-27,202.800003,204.199997,202.600006,202.899994,195.137512,115750
2017-04-28,203.100006,204.300003,202.300003,203.300003,195.522217,113139
2017-05-02,203.300003,205.899994,202.000000,205.800003,197.926590,284330
2017-05-03,205.399994,206.000000,203.500000,204.000000,196.195450,111255
2017-05-04,204.399994,205.600006,204.199997,205.399994,197.541870,89668
2017-05-05,205.000000,206.199997,204.300003,206.199997,198.311264,80596
2017-05-08,206.399994,206.399994,204.199997,205.100006,197.253357,64435
2017-05-09,205.000000,208.500000,205.000000,208.500000,200.523270,108432
2017-05-10,207.500000,208.899994,207.300003,207.899994,199.946213,136997
2017-05-11,207.699997,208.300003,207.000000,207.399994,199.465363,111266
2017-05-12,207.399994,211.000000,206.699997,210.399994,202.350586,219200
2017-05-15,210.600006,210.699997,208.800003,209.000000,201.004150,125127
2017-05-16,208.500000,210.399994,208.399994,209.899994,201.869705,113383
2017-05-17,209.000000,209.199997,203.600006,203.600006,195.810745,155892
2017-05-18,202.699997,205.500000,202.300003,205.000000,197.157181,188937
2017-05-19,205.800003,207.199997,205.199997,206.899994,198.984482,166818
2017-05-22,207.300003,207.699997,206.300003,207.399994,199.465363,95797
2017-05-23,207.699997,207.699997,206.100006,207.100006,199.176849,88365
2017-05-24,207.399994,208.399994,207.000000,208.399994,200.427094,86303
2017-05-26,208.199997,209.000000,207.699997,208.300003,200.330933,112406
2017-05-29,208.000000,209.000000,207.600006,208.399994,200.427094,62059
2017-05-30,208.000000,208.500000,207.199997,208.000000,200.042404,80405
2017-05-31,208.000000,209.399994,207.399994,207.699997,199.753891,125851
2017-06-01,208.100006,210.899994,207.699997,207.699997,199.753891,125695
2017-06-02,208.800003,209.399994,208.100006,208.800003,200.811798,67560
2017-06-06,208.399994,208.399994,206.300003,206.899994,198.984482,86040
2017-06-07,207.000000,208.199997,206.100006,207.000000,199.080658,114092
2017-06-08,206.699997,207.300003,203.899994,204.399994,196.580124,120626
2017-06-09,205.000000,206.000000,204.600006,205.300003,197.445709,147123
2017-06-12,204.800003,204.800003,201.100006,202.000000,194.271957,101173
2017-06-13,202.500000,205.399994,202.199997,204.500000,196.676300,102865
2017-06-14,204.300003,207.100006,204.100006,204.500000,196.676300,129437
2017-06-15,204.300003,204.500000,202.100006,203.399994,195.618393,122298
2017-06-16,204.199997,207.199997,202.800003,207.199997,199.273010,197273
2017-06-19,208.000000,209.600006,207.100006,209.399994,201.388840,138780
2017-06-20,209.600006,211.699997,209.399994,209.800003,201.773544,193302
2017-06-21,209.000000,211.000000,208.399994,210.600006,202.542938,131900
2017-06-22,210.399994,211.399994,209.899994,211.000000,202.927643,127321
2017-06-23,210.699997,211.600006,209.899994,210.399994,202.350586,80418
2017-06-26,211.100006,211.300003,210.100006,210.800003,202.735291,74961
2017-06-27,211.000000,211.000000,207.800003,208.600006,200.619461,79832
2017-06-28,208.800003,208.800003,205.600006,207.100006,199.176849,114930
2017-06-29,208.100006,208.100006,202.300003,203.500000,195.714569,126748
2017-06-30,203.199997,204.699997,202.300003,202.899994,195.137512,163676
2017-07-03,203.600006,204.800003,203.600006,204.100006,196.291626,102961
2017-07-04,204.000000,204.199997,201.800003,201.899994,194.175781,118178
2017-07-05,201.600006,203.300003,200.699997,203.199997,195.426041,118505
2017-07-06,203.300003,203.300003,198.899994,200.699997,193.021698,122735
2017-07-07,201.199997,201.899994,200.300003,201.399994,193.694901,106789
2017-07-10,202.800003,203.300003,201.399994,202.000000,194.271957,99360
2017-07-11,201.800003,202.899994,201.199997,202.000000,194.271957,92012
2017-07-12,202.500000,207.600006,202.500000,207.600006,199.657715,142140
2017-07-13,207.699997,208.100006,205.899994,205.899994,198.022751,101936
2017-07-14,206.000000,207.300003,205.699997,207.199997,199.273010,74404
2017-07-17,206.899994,208.699997,205.000000,208.500000,200.523270,104405
2017-07-18,208.199997,208.899994,206.000000,206.699997,198.792145,87305
2017-07-19,207.500000,208.000000,205.300003,206.100006,198.215103,136771
2017-07-20,207.000000,209.199997,206.800003,208.300003,200.330933,140657
2017-07-21,208.399994,208.399994,204.100006,204.800003,196.964828,144527
2017-07-24,204.800003,205.100006,202.199997,202.199997,194.464310,82503
2017-07-25,202.399994,203.699997,202.199997,202.800003,195.041351,113997
2017-07-26,202.800003,206.100006,202.800003,205.899994,198.022751,90031
2017-07-27,205.500000,207.199997,205.500000,205.699997,197.830399,94660
2017-07-28,204.399994,207.899994,204.000000,206.600006,198.695969,116149
2017-07-31,206.100006,210.699997,206.100006,208.600006,200.619461,215457
2017-08-02,209.100006,213.500000,209.100006,211.500000,203.408493,164643
2017-08-03,211.300003,212.800003,210.100006,211.100006,203.023819,129857
2017-08-04,211.300003,215.600006,211.199997,215.000000,206.774597,141992
2017-08-07,215.600006,216.000000,214.100006,214.399994,206.197556,75017
2017-08-08,214.899994,215.300003,212.699997,212.800003,204.658783,102399
2017-08-09,211.300003,211.699997,208.699997,209.699997,201.677353,190434
2017-08-10,209.699997,209.699997,207.000000,207.399994,199.465363,101313
2017-08-11,206.000000,207.100006,204.800003,206.199997,198.311264,110404
2017-08-14,206.800003,209.699997,206.800003,209.100006,201.100327,85401
2017-08-15,210.000000,210.699997,206.000000,209.100006,201.100327,152934
2017-08-16,209.699997,210.500000,209.600006,210.199997,202.158234,95644
2017-08-17,209.300003,209.899994,207.300003,210.199997,202.158234,110765
2017-08-18,206.699997,206.699997,204.399994,205.800003,197.926590,117636
2017-08-21,205.500000,206.500000,204.399994,204.899994,197.061005,93613
2017-08-22,205.800003,208.000000,205.300003,208.000000,200.042404,70918
2017-08-23,207.399994,209.000000,207.100006,207.800003,199.850052,87676
2017-08-24,208.199997,208.199997,206.500000,206.899994,198.984482,55175
2017-08-25,206.500000,207.399994,205.399994,206.199997,198.311264,68261
2017-08-28,204.600006,205.199997,204.100006,204.399994,196.580124,61776
2017-08-29,204.000000,204.699997,202.300003,203.600006,195.810745,127559
2017-08-30,204.000000,204.600006,203.300003,204.199997,196.387787,75109
2017-08-31,204.000000,206.600006,204.000000,205.399994,197.541870,140634
2017-09-01,205.699997,206.300003,205.600006,205.699997,197.830399,103512
2017-09-04,203.500000,204.699997,203.500000,204.399994,196.580124,66133
2017-09-05,204.199997,206.199997,204.199997,204.899994,197.061005,109915
2017-09-06,204.199997,205.100006,202.399994,204.500000,196.676300,165944
2017-09-07,204.699997,206.600006,203.300003,206.100006,198.215103,166039
2017-09-08,205.399994,206.500000,204.699997,206.399994,198.503616,80177
2017-09-11,207.000000,209.300003,206.899994,208.800003,200.811798,125503
2017-09-12,209.300003,211.399994,208.899994,210.699997,202.639114,133842
2017-09-13,210.100006,210.699997,209.300003,210.300003,202.254410,86057
2017-09-14,210.300003,211.600006,209.100006,211.600006,203.504684,113998
2017-09-15,211.600006,211.600006,208.399994,209.800003,201.773544,132577
2017-09-18,210.000000,210.800003,209.600006,210.300003,202.254410,81463
2017-09-19,210.699997,212.600006,210.100006,212.100006,203.985550,81546
2017-09-20,210.800003,212.100006,210.100006,211.699997,203.600845,75932
2017-09-21,211.300003,213.399994,211.300003,213.399994,205.235809,107817
2017-09-22,213.199997,214.199997,212.399994,214.199997,206.005203,77292
2017-09-25,212.899994,213.800003,211.699997,212.500000,204.370255,135562
2017-09-26,212.399994,213.600006,211.699997,212.300003,204.177902,111127
2017-09-27,212.500000,212.899994,210.899994,211.800003,203.697021,110236
2017-09-28,211.500000,214.199997,211.300003,214.199997,206.005203,106574
2017-09-29,214.500000,214.500000,211.100006,213.899994,205.716675,220590
2017-10-02,214.100006,215.000000,213.500000,214.600006,206.389923,113521
2017-10-03,214.399994,216.199997,213.899994,215.699997,207.447815,107231
2017-10-04,215.199997,217.100006,214.699997,217.100006,208.794266,73648
2017-10-05,217.000000,217.699997,215.899994,217.600006,209.275146,87612
2017-10-06,217.300003,218.699997,216.600006,216.699997,208.409561,69284
2017-10-09,216.199997,218.199997,216.100006,217.699997,209.371307,82891
2017-10-10,218.300003,218.800003,217.100006,218.199997,209.852188,88149
2017-10-11,218.199997,219.100006,217.899994,218.699997,210.333038,65521
2017-10-12,218.600006,219.899994,218.500000,219.500000,211.102448,77919
2017-10-13,220.000000,221.300003,219.600006,221.300003,212.833588,92883
2017-10-16,221.399994,221.699997,220.100006,220.199997,211.775650,60414
2017-10-17,220.699997,220.699997,219.300003,219.500000,211.102448,100008
2017-10-18,219.000000,220.600006,219.000000,220.100006,211.679489,96099
2017-10-19,219.100006,220.000000,217.899994,219.300003,210.910095,96618
2017-10-20,219.800003,221.699997,218.899994,220.300003,211.871841,91718
2017-10-23,216.399994,223.000000,216.399994,223.000000,214.468552,132501
2017-10-24,224.500000,228.500000,219.500000,221.199997,212.737411,283200
2017-10-25,221.699997,224.300003,220.600006,223.500000,214.949417,135932
2017-10-26,223.300003,226.500000,223.300003,226.500000,217.834641,130715
2017-10-27,226.199997,228.600006,225.699997,227.600006,218.892563,115569
2017-10-30,229.699997,229.699997,226.000000,226.600006,217.930817,111722
2017-10-31,226.000000,226.699997,225.300003,226.100006,217.449951,100075
2017-11-01,226.399994,226.699997,224.899994,226.600006,217.930817,143698
2017-11-02,225.899994,226.300003,224.800003,226.300003,217.642288,91321
2017-11-03,227.000000,227.800003,226.000000,227.800003,219.084900,89518
2017-11-06,227.500000,227.600006,226.500000,226.800003,218.123169,59980
2017-11-07,227.600006,227.600006,225.199997,225.899994,217.257584,73434
2017-11-08,225.600006,226.600006,223.500000,225.600006,216.969070,115424
2017-11-09,225.399994,226.199997,221.199997,221.500000,213.025940,146255
2017-11-10,221.000000,221.800003,219.899994,220.399994,211.968002,106815
2017-11-13,220.399994,221.100006,217.600006,219.000000,210.621567,89482
2017-11-14,218.800003,221.399994,218.800003,219.600006,211.198624,82039
2017-11-15,218.300003,218.699997,216.899994,218.000000,209.659836,107127
2017-11-16,218.899994,222.699997,216.899994,222.199997,213.699142,140514
2017-11-17,221.600006,222.199997,220.699997,221.199997,212.737411,103813
2017-11-20,222.199997,223.399994,220.100006,223.399994,214.853241,90656
2017-11-21,223.100006,224.000000,221.600006,223.600006,215.045593,87477
2017-11-22,223.300003,223.899994,220.000000,220.199997,211.775650,123538
2017-11-23,219.199997,221.300003,218.399994,219.500000,211.102448,74653
2017-11-24,219.500000,220.600006,218.600006,219.800003,211.390976,85463
2017-11-27,220.100006,223.100006,219.100006,221.899994,213.410614,141992
2017-11-28,221.699997,223.399994,221.699997,223.100006,214.564728,79642
2017-11-29,223.800003,224.399994,222.199997,222.500000,213.987671,131488
2017-11-30,222.000000,223.100006,219.600006,222.199997,213.699142,179168
2017-12-01,222.300003,222.899994,219.399994,219.399994,211.006271,127322
2017-12-04,220.600006,223.100006,220.600006,221.699997,213.218277,104558
2017-12-05,221.899994,222.699997,220.399994,221.600006,213.122116,123139
2017-12-06,219.300003,220.899994,218.600006,220.199997,211.775650,101655
2017-12-07,221.500000,222.300003,220.699997,222.000000,213.506790,104158
2017-12-08,222.500000,223.100006,221.500000,222.600006,214.083847,99112
2017-12-11,223.000000,223.300003,221.699997,223.100006,214.564728,81121
2017-12-12,223.399994,223.600006,221.300003,222.899994,214.372360,77051
2017-12-13,222.399994,223.600006,221.600006,223.000000,214.468552,88790
2017-12-14,223.399994,224.100006,221.600006,222.699997,214.180023,89314
2017-12-15,222.899994,223.300003,221.800003,223.300003,214.757080,147148
2017-12-18,224.399994,226.600006,224.100006,226.199997,217.546112,111946
2017-12-19,225.699997,226.699997,225.500000,225.699997,217.065247,103669
2017-12-20,225.000000,226.199997,224.100006,224.899994,216.295853,92899
2017-12-21,224.600006,226.300003,223.699997,225.800003,217.161423,100696
2017-12-22,225.800003,226.300003,225.199997,225.399994,216.776718,55053
2017-12-27,226.300003,228.000000,225.699997,227.600006,218.892563,67282
2017-12-28,228.000000,228.000000,225.199997,226.199997,217.546112,62394
2017-12-29,225.800003,226.000000,224.300003,224.300003,215.718811,80229
2018-01-03,225.399994,227.399994,225.199997,227.199997,218.507843,129382
2018-01-04,228.399994,230.000000,227.600006,230.000000,221.200745,64369
2018-01-05,229.600006,232.600006,229.600006,232.600006,223.701263,89715
2018-01-08,233.000000,233.800003,232.000000,233.800003,224.855362,79993
2018-01-09,233.600006,235.199997,233.600006,235.000000,226.009445,89797
2018-01-10,234.800003,234.800003,233.600006,233.600006,224.663025,88339
2018-01-11,233.800003,234.600006,233.199997,234.000000,225.047714,88448
2018-01-12,233.800003,234.800003,233.199997,234.399994,225.432388,84677
2018-01-15,234.800003,234.800003,233.800003,234.199997,225.240051,59297
2018-01-16,235.000000,235.000000,232.800003,233.199997,224.278305,97543
2018-01-17,232.199997,233.199997,230.600006,232.000000,223.124222,121018
2018-01-18,233.199997,233.800003,232.399994,233.199997,224.278305,90775
2018-01-19,232.399994,236.600006,232.399994,236.600006,227.548248,99197
2018-01-22,237.000000,237.399994,235.800003,237.399994,228.317627,99549
2018-01-23,238.199997,239.000000,237.000000,238.000000,228.894669,120360
2018-01-24,237.800003,239.000000,237.199997,237.199997,228.125290,127266
2018-01-25,236.399994,238.000000,235.000000,235.399994,226.394150,116947
2018-01-26,236.199997,236.800003,235.000000,236.199997,227.163528,83965
2018-01-29,236.600006,237.000000,233.199997,233.199997,224.278305,97632
2018-01-30,233.000000,234.600006,232.199997,232.399994,223.508911,103920
2018-01-31,232.000000,236.000000,232.000000,233.399994,224.470657,139775
2018-02-01,234.399994,236.000000,233.000000,233.399994,224.470657,89502
2018-02-02,233.399994,233.399994,231.199997,231.800003,222.931885,101301
2018-02-05,230.600006,231.000000,226.199997,228.399994,219.661942,160556
2018-02-06,222.199997,226.199997,220.199997,223.000000,214.468552,164429
2018-02-07,224.399994,228.399994,223.000000,227.800003,219.084900,131593
2018-02-08,228.199997,228.199997,220.800003,221.199997,212.737411,120769
2018-02-09,221.000000,222.199997,216.600006,217.000000,208.698090,185241
2018-02-12,219.800003,221.399994,218.600006,220.000000,211.583313,103312
2018-02-13,220.399994,221.199997,218.600006,218.600006,210.236877,100732
2018-02-14,221.000000,222.399994,218.199997,221.199997,212.737411,135934
2018-02-15,223.600006,224.399994,222.399994,224.399994,215.814972,104660
2018-02-16,225.600006,227.800003,223.800003,226.600006,217.930817,88998
2018-02-19,227.800003,227.800003,220.800003,221.800003,213.314453,131506
2018-02-20,222.800003,225.000000,221.800003,225.000000,216.392029,154366
2018-02-21,224.600006,227.000000,223.000000,226.800003,218.123169,110967
2018-02-22,226.000000,226.000000,223.399994,225.800003,217.161423,100242
2018-02-23,225.800003,226.000000,222.800003,225.000000,216.392029,97666
2018-02-26,226.000000,226.199997,223.399994,224.399994,215.814972,104551
2018-02-27,225.600006,225.800003,221.800003,223.800003,215.237930,130844
2018-02-28,223.000000,223.600006,220.600006,221.600006,213.122116,134888
2018-03-01,220.000000,221.199997,216.600006,217.399994,209.082779,149130
2018-03-02,215.000000,215.600006,211.399994,211.399994,203.312317,173873
2018-03-05,211.000000,214.199997,210.600006,214.000000,205.812866,113909
2018-03-06,216.199997,216.600006,212.800003,213.600006,205.428162,150967
2018-03-07,213.399994,213.399994,210.199997,213.000000,204.851120,183003
2018-03-08,213.399994,216.000000,213.399994,216.000000,207.736343,137440
2018-03-09,216.199997,217.399994,215.199997,217.199997,208.890427,103983
2018-03-12,218.600006,218.600006,212.600006,214.000000,205.812866,153441
2018-03-13,214.399994,214.399994,210.199997,210.199997,202.158234,179567
2018-03-14,210.199997,211.199997,207.800003,208.600006,200.619461,175346
2018-03-15,209.399994,212.000000,209.000000,211.600006,203.504684,141158
2018-03-16,212.000000,212.399994,209.800003,210.800003,202.735291,183933
2018-03-19,210.399994,211.399994,208.800003,209.800003,201.773544,130395
2018-03-20,209.800003,211.199997,209.000000,210.600006,202.542938,143995
2018-03-21,211.000000,211.199997,207.600006,208.600006,200.619461,162382
2018-03-22,204.600006,206.199997,201.600006,202.399994,198.462250,252281
2018-03-23,201.000000,202.199997,199.899994,201.199997,197.285599,163361
2018-03-26,201.600006,202.800003,198.600006,199.300003,195.422577,125549
2018-03-27,202.000000,203.800003,201.199997,203.600006,199.638916,184692
2018-03-28,202.399994,205.199997,198.899994,205.199997,201.207779,249561
2018-03-29,206.600006,206.600006,203.800003,206.000000,201.992218,177944
2018-04-03,204.800003,204.800003,201.199997,202.199997,198.266144,159935
2018-04-04,202.399994,202.399994,198.300003,198.600006,194.736191,186253
2018-04-05,202.199997,202.800003,200.399994,202.600006,198.658371,182870
2018-04-06,202.600006,202.600006,199.800003,199.800003,195.912842,166844
2018-04-09,200.600006,201.000000,198.000000,199.800003,195.912842,152598
2018-04-10,200.600006,201.399994,197.899994,200.199997,196.305054,185794
2018-04-11,200.199997,201.199997,198.699997,199.399994,195.520615,169638
2018-04-12,199.800003,202.399994,198.899994,201.399994,197.481705,149937
2018-04-13,201.399994,203.600006,201.399994,202.800003,198.854477,115775
2018-04-16,203.600006,203.800003,201.800003,202.399994,198.462250,119373
2018-04-17,202.000000,206.399994,202.000000,205.600006,201.600006,159006
2018-04-18,206.600006,207.199997,205.399994,206.399994,202.384430,181981
2018-04-19,207.399994,207.800003,205.199997,207.199997,203.168869,165770
2018-04-20,207.000000,207.000000,205.199997,206.199997,202.188324,111237
2018-04-23,206.199997,207.399994,205.199997,207.399994,203.364975,137979
2018-04-24,207.800003,208.000000,204.000000,204.600006,200.619461,197519
2018-04-25,204.199997,204.800003,201.399994,202.600006,198.658371,195931
2018-04-26,204.399994,208.199997,203.399994,203.600006,199.638916,234155
2018-04-27,204.399994,205.399994,202.600006,204.000000,200.031128,253532
2018-04-30,204.199997,205.800003,203.399994,205.600006,201.600006,235561
2018-05-02,206.399994,208.600006,206.399994,208.399994,204.345520,180846
2018-05-03,208.399994,211.399994,207.800003,209.800003,205.718292,213407
2018-05-04,210.600006,214.600006,209.800003,212.000000,207.875488,223919
2018-05-07,213.000000,215.800003,211.800003,215.800003,211.601563,141087
2018-05-08,215.600006,215.600006,213.000000,214.399994,210.228790,156311
2018-05-09,214.600006,214.800003,213.000000,214.800003,210.621017,152884
2018-05-11,215.000000,216.199997,214.600006,215.000000,210.817123,115326
2018-05-14,215.399994,215.399994,212.800003,213.399994,209.248245,127875
2018-05-15,212.800003,214.000000,211.199997,212.199997,208.071594,228040
2018-05-16,211.600006,213.800003,211.600006,212.199997,208.071594,146995
2018-05-17,212.399994,214.600006,212.000000,214.399994,210.228790,144331
2018-05-18,214.600006,216.800003,213.399994,214.600006,210.424911,188575
2018-05-22,215.000000,216.600006,215.000000,215.199997,211.013229,141485
2018-05-23,214.399994,214.399994,211.399994,212.399994,208.267700,138125
2018-05-24,212.600006,213.800003,210.399994,211.800003,207.679382,124422
2018-05-25,212.800003,213.399994,211.000000,211.600006,207.483276,125447
2018-05-28,213.000000,214.000000,212.000000,212.000000,207.875488,91373
2018-05-29,211.399994,211.399994,208.399994,210.199997,206.110504,195470
2018-05-30,210.800003,211.399994,207.399994,207.600006,203.561096,118119
2018-05-31,208.399994,210.800003,208.000000,208.199997,204.149414,313598
2018-06-01,209.199997,211.800003,209.199997,210.800003,206.698837,129318
2018-06-04,212.000000,212.000000,210.000000,211.800003,207.679382,100364
2018-06-05,211.199997,213.000000,211.000000,211.199997,207.091049,121083
2018-06-06,215.399994,221.399994,215.199997,219.199997,214.935410,265426
2018-06-07,221.199997,221.800003,218.399994,219.199997,214.935410,185858
2018-06-08,218.000000,221.000000,216.600006,220.000000,215.719849,156181
2018-06-11,221.000000,221.000000,219.000000,219.800003,215.523743,141179
2018-06-12,220.600006,221.800003,219.600006,219.800003,215.523743,158076
2018-06-13,221.399994,221.800003,218.800003,220.800003,216.504288,138762
2018-06-14,220.000000,222.000000,218.800003,222.000000,217.680939,156714
2018-06-15,222.000000,222.199997,219.600006,219.800003,215.523743,223919
2018-06-18,219.199997,219.199997,214.800003,217.000000,212.778214,117432
2018-06-19,215.199997,215.600006,212.800003,213.600006,209.444366,176702
2018-06-20,214.600006,216.199997,213.199997,213.800003,209.640472,157990
2018-06-21,214.199997,214.199997,210.600006,211.000000,206.894943,144519
2018-06-22,210.800003,214.399994,210.800003,214.000000,209.836578,167230
2018-06-25,null,null,null,null,null,null
2018-06-26,211.600006,211.800003,209.800003,210.399994,206.306610,146222
2018-06-27,210.199997,212.600006,207.800003,210.600006,206.502731,195666
2018-06-28,209.800003,211.199997,207.800003,209.000000,204.933853,137131
2018-06-29,210.000000,214.600006,210.000000,213.600006,209.444366,263345
2018-07-02,212.199997,212.199997,209.399994,211.000000,206.894943,160729
2018-07-03,211.399994,215.199997,211.199997,215.199997,211.013229,213047
2018-07-04,215.399994,215.399994,212.600006,213.399994,209.248245,160562
2018-07-05,214.000000,216.399994,213.600006,215.000000,210.817123,187320
2018-07-06,215.000000,215.399994,212.000000,214.199997,210.032684,178976
2018-07-09,214.800003,218.399994,214.800003,218.399994,214.150970,130779
2018-07-10,219.000000,221.800003,218.800003,221.399994,217.092606,190585
2018-07-11,220.199997,223.399994,218.399994,223.199997,218.857590,176090
2018-07-12,223.399994,225.800003,222.600006,225.800003,221.407013,189482
2018-07-13,226.199997,229.000000,225.600006,227.600006,223.171997,222641
2018-07-16,228.199997,228.800003,225.800003,227.399994,222.975876,142046
2018-07-17,227.399994,229.199997,226.399994,228.800003,224.348648,150989
2018-07-18,229.800003,231.000000,228.399994,230.399994,225.917511,142088
2018-07-19,230.600006,231.800003,229.800003,230.399994,225.917511,115238
2018-07-20,230.800003,232.399994,229.800003,232.399994,227.878586,146834
2018-07-23,231.199997,233.600006,230.399994,232.399994,227.878586,115027
2018-07-24,233.199997,233.600006,231.800003,231.800003,227.290268,127062
2018-07-25,232.399994,233.000000,230.800003,232.199997,227.682480,129665
2018-07-26,233.800003,234.800003,233.000000,234.000000,229.447464,135037
2018-07-27,234.000000,234.600006,233.199997,233.800003,229.251358,80953
2018-07-30,233.399994,234.399994,232.600006,232.600006,228.074707,81357
2018-07-31,232.600006,232.600006,229.000000,230.800003,226.309723,227536
2018-08-02,229.399994,230.399994,228.600006,229.600006,225.133087,164222
2018-08-03,229.800003,231.399994,229.000000,231.199997,226.701935,107565
2018-08-06,231.199997,232.600006,230.199997,230.800003,226.309723,77786
2018-08-07,231.199997,232.600006,230.399994,232.199997,227.682480,60089
2018-08-08,232.199997,233.000000,231.000000,232.199997,227.682480,54613
2018-08-09,231.399994,232.399994,230.800003,231.800003,227.290268,90036
2018-08-10,230.399994,230.800003,226.399994,227.199997,222.779770,122697
2018-08-13,226.199997,226.600006,224.199997,225.800003,221.407013,107982
2018-08-14,226.000000,226.399994,223.199997,224.000000,219.642029,121750
2018-08-15,224.000000,224.800003,219.000000,219.199997,214.935410,127962
2018-08-16,221.199997,223.000000,220.600006,222.199997,217.877045,119517
2018-08-17,228.600006,228.600006,220.600006,224.800003,220.426468,247765
2018-08-20,226.000000,229.800003,224.800003,228.600006,224.152542,164345
2018-08-21,228.000000,229.000000,226.000000,227.399994,222.975876,131047
2018-08-22,227.000000,227.399994,225.800003,227.000000,222.583664,98997
2018-08-23,227.000000,228.000000,226.399994,227.399994,222.975876,88673
2018-08-24,226.800003,227.600006,226.600006,227.199997,222.779770,86364
2018-08-27,228.000000,230.800003,227.399994,230.800003,226.309723,62769
2018-08-28,231.000000,232.199997,230.600006,231.600006,227.094162,89476
2018-08-29,231.600006,232.000000,230.600006,231.600006,227.094162,69050
2018-08-30,231.800003,232.600006,230.399994,232.399994,227.878586,86665
2018-08-31,231.399994,231.600006,230.000000,231.199997,226.701935,114256
2018-09-03,230.600006,230.800003,229.000000,230.399994,225.917511,89906
2018-09-04,231.000000,231.000000,226.000000,227.800003,223.368103,138222
2018-09-05,227.600006,229.800003,227.000000,227.800003,223.368103,136310
2018-09-06,228.199997,230.199997,227.199997,228.000000,223.564209,108463
2018-09-07,228.199997,229.399994,226.199997,228.000000,223.564209,102771
2018-09-10,229.000000,233.399994,228.000000,233.199997,228.663025,161247
2018-09-11,234.000000,237.399994,232.800003,236.800003,232.192993,199963
2018-09-12,236.800003,238.399994,234.000000,235.000000,230.428009,164084
2018-09-13,235.000000,237.399994,234.399994,235.800003,231.212448,100377
2018-09-14,236.000000,238.199997,234.399994,238.000000,233.369644,152160
2018-09-17,237.399994,237.399994,233.800003,234.600006,230.035797,110343
2018-09-18,234.399994,236.000000,233.199997,235.000000,230.428009,120601
2018-09-19,236.000000,238.800003,234.600006,235.199997,230.624115,106956
2018-09-20,234.800003,238.399994,234.800003,237.600006,232.977432,92654
2018-09-21,238.199997,238.600006,236.399994,237.399994,232.781311,191444
2018-09-24,238.000000,238.000000,235.199997,235.800003,231.212448,87319
2018-09-25,235.600006,237.600006,234.000000,237.600006,232.977432,120171
2018-09-26,237.600006,238.399994,236.399994,238.199997,233.565750,103393
2018-09-27,237.600006,243.199997,236.800003,242.399994,237.684036,151860
2018-09-28,242.800003,246.399994,241.000000,244.600006,239.841248,237657
2018-10-01,245.800003,246.000000,241.800003,244.800003,240.037354,132781
2018-10-02,242.800003,243.800003,239.000000,239.800003,235.134628,110767
2018-10-03,241.000000,243.600006,240.399994,243.199997,238.468475,117034
2018-10-04,243.000000,244.199997,240.600006,242.199997,237.487930,158346
2018-10-05,242.399994,242.399994,239.199997,241.199997,236.507385,108548
2018-10-08,240.800003,240.800003,234.800003,234.800003,230.231903,139211
2018-10-09,236.000000,237.199997,231.000000,235.600006,231.016342,164445
2018-10-10,235.399994,235.600006,228.199997,228.600006,224.152542,193002
2018-10-11,225.000000,227.000000,214.000000,221.199997,216.896500,307132
2018-10-12,223.800003,225.399994,222.199997,222.199997,217.877045,127479
2018-10-15,222.399994,222.399994,216.600006,217.600006,213.366547,177071
2018-10-16,217.399994,224.399994,216.199997,224.199997,219.838135,167327
2018-10-17,225.000000,226.600006,223.399994,224.600006,220.230362,159943
2018-10-18,224.600006,224.800003,222.600006,222.800003,218.465378,152634
2018-10-19,222.199997,223.399994,219.000000,222.600006,218.269272,119412
2018-10-22,224.199997,225.800003,220.800003,222.800003,218.465378,159868
2018-10-23,212.600006,212.600006,201.800003,202.800003,198.854477,434715
2018-10-24,204.199997,205.600006,199.199997,199.500000,195.618683,326322
2018-10-25,197.399994,200.800003,196.199997,200.199997,196.305054,264203
2018-10-26,198.300003,200.600006,194.100006,198.000000,194.147858,268483
2018-10-29,199.500000,206.000000,199.399994,201.399994,197.481705,212272
2018-10-30,201.600006,204.600006,199.100006,204.399994,200.423340,178915
2018-10-31,206.199997,213.199997,205.000000,212.399994,208.267700,387742
2018-11-01,211.800003,214.000000,209.800003,213.000000,208.856033,197619
2018-11-02,216.000000,219.399994,214.600006,216.000000,211.797668,222629
2018-11-05,215.800003,216.600006,209.600006,210.800003,206.698837,149831
2018-11-06,211.199997,211.800003,208.000000,211.199997,207.091049,208299
2018-11-07,211.600006,213.399994,210.199997,212.800003,208.659927,162087
2018-11-08,213.399994,213.600006,210.199997,210.800003,206.698837,186078
2018-11-09,210.000000,212.199997,208.800003,210.399994,206.306610,146770
2018-11-12,211.600006,212.199997,206.600006,207.199997,203.168869,154509
2018-11-13,207.399994,209.399994,205.800003,208.800003,204.737747,139073
2018-11-14,208.000000,208.000000,204.399994,205.199997,201.207779,176127
2018-11-15,205.199997,206.000000,201.199997,202.399994,198.462250,213149
2018-11-16,203.000000,205.800003,201.199997,202.600006,198.658371,196070
2018-11-19,203.399994,205.399994,198.399994,198.399994,194.540070,164991
2018-11-20,198.100006,199.399994,194.199997,197.500000,193.657593,225672
2018-11-21,199.000000,201.800003,197.300003,201.199997,197.285599,149802
2018-11-22,201.199997,201.600006,198.800003,200.000000,196.108948,87532
2018-11-23,200.399994,202.199997,198.500000,201.600006,197.677826,81862
2018-11-26,202.800003,205.600006,202.000000,203.800003,199.835022,119594
2018-11-27,203.000000,203.199997,200.000000,201.600006,197.677826,133792
2018-11-28,203.000000,203.600006,201.199997,203.000000,199.050583,130690
2018-11-29,204.800003,208.000000,204.199997,205.600006,201.600006,131539
2018-11-30,205.600006,205.800003,199.100006,200.000000,196.108948,234096
2018-12-03,204.600006,209.199997,204.000000,208.000000,203.953308,231737
2018-12-04,208.000000,208.000000,204.800003,205.199997,201.207779,153725
2018-12-05,201.000000,201.000000,197.699997,199.100006,195.226471,207562
2018-12-06,197.000000,197.600006,190.899994,193.500000,189.735413,237665
2018-12-07,199.300003,200.199997,195.199997,195.199997,191.402328,244917
2018-12-10,193.300003,195.399994,191.600006,192.000000,188.264587,148351
2018-12-11,194.000000,197.199997,192.600006,196.399994,192.578979,130940
2018-12-12,196.899994,203.800003,195.800003,202.800003,198.854477,189890
2018-12-13,203.000000,204.600006,201.199997,202.600006,198.658371,103087
2018-12-14,201.399994,201.399994,198.000000,199.600006,195.716736,106910
2018-12-17,199.800003,199.800003,195.800003,196.500000,192.677048,145268
2018-12-18,195.199997,197.100006,192.899994,194.000000,190.225677,120926
2018-12-19,193.399994,198.199997,192.600006,197.300003,193.461487,159444
2018-12-20,193.199997,195.399994,191.800003,192.000000,188.264587,156642
2018-12-21,191.500000,195.300003,191.000000,192.100006,188.362656,242739
2018-12-27,201.000000,201.000000,188.899994,190.199997,186.499603,149097
2018-12-28,192.699997,196.500000,192.199997,194.699997,190.912064,140251
2019-01-03,193.600006,194.300003,188.500000,188.899994,185.224899,160425
2019-01-04,189.000000,199.500000,188.600006,198.000000,194.147858,197493
2019-01-07,200.800003,201.199997,197.100006,199.000000,195.128403,224382
2019-01-08,200.399994,206.000000,199.699997,203.399994,199.442795,159352
2019-01-09,204.800003,210.000000,204.199997,207.399994,203.364975,151504
2019-01-10,206.399994,207.399994,203.199997,206.399994,202.384430,111008
2019-01-11,207.399994,208.199997,203.000000,203.399994,199.442795,179094
2019-01-14,202.000000,202.800003,199.500000,200.800003,196.893387,139137
2019-01-15,201.399994,203.399994,200.399994,203.000000,199.050583,129602
2019-01-16,201.399994,205.199997,200.800003,204.600006,200.619461,98151
2019-01-17,204.399994,206.000000,201.800003,205.000000,201.011673,67128
2019-01-18,206.600006,208.399994,204.199997,207.399994,203.364975,189175
2019-01-21,206.199997,210.000000,205.399994,208.199997,204.149414,107234
2019-01-22,207.800003,209.600006,206.000000,207.199997,203.168869,96048
2019-01-23,208.399994,211.199997,206.199997,208.600006,204.541641,134500
2019-01-24,209.000000,209.600006,205.000000,206.000000,201.992218,167298
2019-01-25,207.800003,209.800003,206.800003,208.800003,204.737747,123546
2019-01-28,210.399994,213.399994,208.199997,208.600006,204.541641,180938
2019-01-29,208.000000,210.800003,207.399994,208.800003,204.737747,141906
2019-01-30,209.600006,210.800003,207.600006,209.600006,205.522186,107671
2019-01-31,210.199997,213.399994,209.800003,211.000000,206.894943,173203
2019-02-01,212.199997,213.600006,210.800003,211.600006,207.483276,105081
2019-02-04,212.199997,213.000000,210.199997,211.600006,207.483276,110663
2019-02-05,212.000000,217.600006,211.000000,217.000000,212.778214,124054
2019-02-06,215.800003,218.000000,215.399994,215.600006,211.405457,98651
2019-02-07,214.000000,214.600006,210.600006,210.600006,206.502731,137442
2019-02-08,210.399994,211.399994,206.800003,208.800003,204.737747,145571
2019-02-11,210.000000,211.600006,209.600006,210.000000,205.914398,102338
2019-02-12,212.000000,213.000000,210.000000,212.000000,207.875488,151930
2019-02-13,213.800003,215.600006,211.000000,211.000000,206.894943,198838
2019-02-14,216.000000,223.199997,211.399994,222.199997,217.877045,233218
2019-02-15,221.600006,225.000000,219.600006,223.600006,219.249817,158787
2019-02-18,223.199997,226.800003,222.800003,226.000000,221.603119,117339
2019-02-19,225.399994,225.800003,222.600006,224.399994,220.034241,120782
2019-02-20,225.199997,227.000000,224.800003,226.199997,221.799225,107446
2019-02-21,226.000000,227.399994,224.600006,225.199997,220.818680,97774
2019-02-22,225.000000,227.399994,224.399994,226.600006,222.191452,109019
2019-02-25,227.399994,227.800003,225.600006,226.199997,221.799225,119470
2019-02-26,225.399994,228.000000,224.600006,227.199997,222.779770,117407
2019-02-27,225.600006,227.600006,224.800003,225.399994,221.014786,88591
2019-02-28,224.199997,225.600006,222.600006,225.600006,221.210907,146307
2019-03-01,226.199997,228.399994,225.600006,227.399994,222.975876,149455
2019-03-04,228.199997,231.199997,228.199997,228.800003,224.348648,107868
2019-03-05,229.800003,231.800003,227.800003,231.000000,226.505829,182330
2019-03-06,231.000000,232.399994,230.600006,231.000000,226.505829,119399
2019-03-07,231.000000,231.600006,228.199997,229.199997,224.740860,132906
2019-03-08,228.000000,228.199997,224.600006,226.600006,222.191452,119569
2019-03-11,226.800003,228.199997,225.199997,227.399994,222.975876,82967
2019-03-12,227.800003,228.399994,220.199997,220.800003,216.504288,170075
2019-03-13,215.199997,217.600006,212.199997,216.399994,212.189880,211987
2019-03-14,212.800003,216.199997,211.399994,214.800003,210.621017,191318
2019-03-15,214.800003,215.000000,211.800003,214.000000,209.836578,155188
2019-03-18,213.600006,214.399994,210.800003,212.800003,208.659927,106398
2019-03-19,212.800003,215.399994,212.199997,215.199997,211.013229,94592
2019-03-20,214.600006,215.600006,211.399994,213.399994,209.248245,76887
2019-03-21,211.800003,212.399994,210.199997,210.600006,206.502731,50398
2019-03-22,212.000000,212.399994,206.800003,208.000000,203.953308,125995
2019-03-25,206.399994,207.800003,204.600006,207.199997,203.168869,92888
2019-03-26,207.600006,208.399994,206.000000,206.600006,202.580551,64867
2019-03-27,206.199997,208.800003,205.399994,205.600006,201.600006,119280
2019-03-28,203.800003,207.399994,201.800003,202.399994,202.399994,162010
2019-03-29,202.600006,207.600006,202.399994,207.000000,207.000000,170392
2019-04-01,208.199997,212.699997,207.800003,211.800003,211.800003,271349
2019-04-02,213.800003,214.800003,211.600006,213.000000,213.000000,124255
2019-04-03,214.199997,215.399994,213.300003,214.800003,214.800003,111023
2019-04-04,215.100006,216.399994,214.000000,215.399994,215.399994,103066
2019-04-05,215.300003,217.100006,215.000000,216.399994,216.399994,82377
2019-04-08,215.600006,216.000000,213.699997,216.000000,216.000000,90765
2019-04-09,216.000000,218.399994,214.699997,215.100006,215.100006,191173
2019-04-10,215.600006,216.199997,214.899994,216.100006,216.100006,189061
2019-04-11,215.600006,217.600006,215.399994,215.500000,215.500000,110655
2019-04-12,215.399994,217.100006,214.899994,216.600006,216.600006,114630
2019-04-15,217.600006,219.100006,216.899994,217.199997,217.199997,107502
2019-04-16,217.399994,220.000000,217.399994,219.699997,219.699997,126775
2019-04-17,220.000000,221.199997,219.399994,219.699997,219.699997,143007
2019-04-18,218.500000,221.899994,218.100006,220.199997,220.199997,137492
2019-04-23,220.199997,223.000000,219.300003,223.000000,223.000000,126937
2019-04-24,224.000000,224.000000,221.800003,222.399994,222.399994,147942
2019-04-25,223.699997,223.899994,221.199997,222.199997,222.199997,132386
2019-04-26,217.000000,218.600006,212.100006,218.000000,218.000000,252875
2019-04-29,218.899994,220.199997,216.000000,219.600006,219.600006,164568
2019-04-30,219.100006,221.199997,218.500000,219.800003,219.800003,183578
2019-05-02,220.300003,221.399994,218.399994,219.899994,219.899994,176578
2019-05-03,219.100006,221.000000,219.100006,219.600006,219.600006,85096
2019-05-06,216.300003,217.399994,214.800003,217.399994,217.399994,149070
2019-05-07,216.199997,216.899994,213.300003,214.199997,214.199997,182247
2019-05-08,213.199997,215.199997,212.199997,213.899994,213.899994,113850
2019-05-09,213.399994,213.399994,209.100006,210.000000,210.000000,179795
2019-05-10,212.100006,214.899994,209.800003,210.600006,210.600006,137525
2019-05-13,211.000000,211.000000,205.199997,206.399994,206.399994,150087
2019-05-14,208.100006,208.600006,205.899994,208.600006,208.600006,148849
2019-05-15,209.500000,209.500000,204.300003,207.399994,207.399994,174334
2019-05-16,208.300003,213.399994,208.000000,213.199997,213.199997,189194
2019-05-17,212.500000,215.199997,211.600006,215.000000,215.000000,199489
2019-05-20,215.500000,217.199997,214.100006,216.800003,216.800003,249564
2019-05-21,217.600006,218.300003,216.500000,217.300003,217.300003,170307
2019-05-22,216.300003,219.899994,216.300003,218.199997,218.199997,129265
2019-05-23,216.199997,217.199997,214.600006,216.899994,216.899994,214161
2019-05-24,217.800003,219.699997,216.699997,218.600006,218.600006,175543
2019-05-27,219.699997,220.600006,218.500000,220.600006,220.600006,100259
2019-05-28,220.800003,222.100006,216.899994,218.100006,218.100006,206606
2019-05-29,216.300003,216.899994,212.100006,212.600006,212.600006,154510
2019-05-31,211.600006,212.699997,210.100006,211.199997,211.199997,173161
2019-06-03,209.600006,211.199997,208.899994,211.000000,211.000000,162406
2019-06-04,210.800003,212.000000,209.800003,211.800003,211.800003,146357
2019-06-05,213.500000,215.100006,212.699997,214.899994,214.899994,132183
2019-06-06,215.800003,216.600006,214.399994,215.199997,215.199997,145523
2019-06-07,216.100006,216.300003,214.199997,214.500000,214.500000,136217
2019-06-11,215.199997,217.600006,214.300003,216.699997,216.699997,235131
2019-06-12,214.399994,218.300003,214.399994,218.000000,218.000000,151573
2019-06-13,217.100006,218.800003,217.100006,217.800003,217.800003,80619
2019-06-14,218.100006,219.000000,215.399994,217.100006,217.100006,86309
2019-06-17,217.100006,217.500000,215.899994,216.600006,216.600006,91482
2019-06-18,215.100006,218.899994,214.800003,218.000000,218.000000,156207
2019-06-19,218.800003,219.600006,217.199997,218.000000,218.000000,156812
2019-06-20,218.199997,220.600006,217.600006,217.699997,217.699997,135086
2019-06-21,217.199997,218.699997,216.100006,216.899994,216.899994,198574
2019-06-24,217.699997,219.399994,216.000000,217.399994,217.399994,157259
2019-06-25,217.600006,218.500000,216.800003,217.300003,217.300003,134001
2019-06-26,216.899994,217.899994,215.199997,216.600006,216.600006,100515
2019-06-27,216.600006,217.399994,214.600006,215.600006,215.600006,81647
2019-06-28,216.100006,217.899994,215.300003,217.300003,217.300003,141094
2019-07-01,219.199997,222.100006,219.199997,219.800003,219.800003,165438
2019-07-02,220.699997,221.899994,218.800003,221.399994,221.399994,344518
2019-07-03,221.100006,222.600006,220.800003,221.800003,221.800003,121548
2019-07-04,221.699997,224.100006,221.699997,223.100006,223.100006,89997
2019-07-05,223.000000,223.100006,216.100006,216.899994,216.899994,159331
2019-07-08,216.100006,217.899994,215.399994,216.399994,216.399994,120776
2019-07-09,216.000000,216.000000,213.000000,214.600006,214.600006,142244
2019-07-10,214.100006,215.000000,212.899994,214.100006,214.100006,171511
2019-07-11,214.699997,214.699997,210.600006,212.000000,212.000000,134125
2019-07-12,211.600006,213.300003,211.399994,212.300003,212.300003,87349
2019-07-15,212.100006,213.699997,211.000000,213.000000,213.000000,137322
2019-07-16,213.600006,215.300003,213.199997,214.600006,214.600006,104235
2019-07-17,215.100006,218.899994,215.000000,215.800003,215.800003,166278
2019-07-18,214.300003,219.600006,212.899994,218.800003,218.800003,274676
2019-07-19,219.100006,224.800003,219.100006,222.100006,222.100006,231972
2019-07-22,223.100006,224.199997,221.800003,223.399994,223.399994,128752
2019-07-23,224.600006,226.300003,224.100006,226.000000,226.000000,111212
2019-07-24,225.899994,228.100006,225.000000,226.600006,226.600006,106956
2019-07-25,227.899994,229.300003,225.600006,227.399994,227.399994,106468
2019-07-26,227.500000,229.699997,227.300003,228.600006,228.600006,68359
2019-07-29,228.500000,229.600006,227.500000,228.300003,228.300003,99108
2019-07-30,227.600006,228.300003,225.699997,227.899994,227.899994,108920
2019-07-31,227.000000,231.800003,227.000000,230.199997,230.199997,256539
2019-08-02,227.699997,231.800003,225.600006,228.100006,228.100006,344540
2019-08-05,225.800003,226.300003,220.100006,221.600006,221.600006,237641
2019-08-06,220.699997,221.600006,218.399994,219.000000,219.000000,175355
2019-08-07,219.100006,221.000000,215.600006,217.600006,217.600006,121605
2019-08-08,221.100006,221.100006,218.000000,219.800003,219.800003,142875
2019-08-09,219.399994,221.300003,217.500000,218.500000,218.500000,84325
2019-08-12,219.500000,225.500000,219.399994,224.899994,224.899994,398784
2019-08-13,223.600006,231.000000,222.600006,229.500000,229.500000,424770
2019-08-14,223.800003,224.500000,212.899994,213.100006,213.100006,686639
2019-08-15,212.000000,213.000000,204.500000,206.500000,206.500000,670222
2019-08-16,205.899994,208.000000,203.399994,206.100006,206.100006,323163
2019-08-19,206.899994,212.199997,206.500000,210.300003,210.300003,207589
2019-08-20,209.500000,212.199997,208.800003,210.600006,210.600006,176293
2019-08-21,211.100006,217.899994,211.000000,216.600006,216.600006,218565
2019-08-22,216.500000,220.000000,215.899994,216.899994,216.899994,222865
2019-08-23,217.800003,222.399994,217.800003,218.600006,218.600006,320519
2019-08-26,218.199997,218.800003,214.899994,216.399994,216.399994,196911
2019-08-27,217.399994,219.600006,215.199997,217.899994,217.899994,170556
2019-08-28,217.199997,218.500000,214.000000,218.000000,218.000000,196666
2019-08-29,217.899994,224.500000,217.199997,223.800003,223.800003,265070
2019-08-30,224.600006,228.800003,224.600006,226.000000,226.000000,303492
2019-09-02,225.800003,227.100006,222.399994,224.699997,224.699997,174426
2019-09-03,224.500000,225.100006,222.399994,223.000000,223.000000,160758
2019-09-04,224.399994,227.100006,223.699997,227.100006,227.100006,279200
2019-09-05,229.000000,237.699997,226.600006,227.699997,227.699997,956844
2019-09-06,228.399994,231.500000,227.100006,231.399994,231.399994,288701
2019-09-09,231.600006,235.300003,230.100006,234.699997,234.699997,208101
2019-09-10,234.899994,236.399994,228.399994,230.100006,230.100006,273748
2019-09-11,230.000000,231.500000,227.199997,228.000000,228.000000,258232
2019-09-12,229.199997,229.800003,226.800003,227.399994,227.399994,306500
2019-09-13,228.100006,228.199997,227.100006,227.800003,227.800003,142040
2019-09-16,227.300003,227.399994,225.199997,225.699997,225.699997,112446
2019-09-17,226.000000,226.000000,224.100006,225.600006,225.600006,169598
2019-09-18,225.600006,226.300003,223.899994,224.899994,224.899994,147500
2019-09-19,224.300003,226.899994,223.399994,225.699997,225.699997,148136
2019-09-20,226.300003,226.300003,223.800003,224.500000,224.500000,174786
2019-09-23,223.300003,224.500000,221.000000,223.300003,223.300003,132093
2019-09-24,223.100006,224.699997,222.699997,222.899994,222.899994,146336
2019-09-25,221.399994,222.399994,219.100006,221.600006,221.600006,181352
2019-09-26,223.800003,224.000000,221.500000,222.199997,222.199997,108546
2019-09-27,222.399994,223.899994,222.300003,222.399994,222.399994,139030
2019-09-30,221.899994,224.800003,221.899994,223.199997,223.199997,113006
2019-10-01,223.199997,225.699997,222.500000,223.100006,223.100006,159129
2019-10-02,223.000000,223.399994,218.500000,218.800003,218.800003,147250
2019-10-03,218.399994,220.899994,216.199997,218.500000,218.500000,149226
2019-10-04,218.500000,221.800003,218.500000,221.399994,221.399994,105429
2019-10-07,221.500000,222.600006,220.100006,221.800003,221.800003,83970
2019-10-08,221.600006,221.600006,216.500000,217.699997,217.699997,167595
2019-10-09,216.399994,219.199997,216.100006,218.100006,218.100006,194609
2019-10-10,218.199997,220.300003,216.699997,219.600006,219.600006,114245
2019-10-11,221.000000,223.600006,220.100006,223.000000,223.000000,163262
